0 4 0 0 0 0 4 0 0 0 4 4 0 4 0 4 3 0 4 4 2.008541
0 4 3 0 0 0 3 0 0 0 3 3 0 4 0 4 0 0 4 4 3.003040
0 4 3 0 0 0 3 0 0 0 3 3 0 4 0 4 0 0 4 4 4.002821
0 4 0 0 0 0 3 0 0 0 1 3 0 0 0 4 3 0 4 4 5.003015
0 4 0 0 0 0 0 0 0 0 1 0 0 0 0 0 0 0 4 0 6.005358
0 4 0 0 0 0 0 0 0 0 1 0 0 0 0 0 0 0 4 0 7.005109
0 4 0 0 0 0 0 0 0 0 1 0 0 0 0 0 0 0 4 0 8.005145
0 4 0 0 0 0 0 0 0 0 1 0 0 0 0 0 0 0 4 0 9.005139
0 4 0 0 0 0 0 0 0 0 1 0 0 0 0 0 0 0 4 0 10.004921
0 4 0 0 0 0 0 0 0 0 1 0 0 0 0 0 0 0 4 0 11.004859
0 4 0 0 0 0 0 0 0 0 1 0 0 0 0 0 0 0 4 0 12.004807
0 4 0 0 0 0 0 0 0 0 1 0 0 0 0 0 0 0 4 0 13.004640
0 4 0 0 0 0 0 0 0 0 1 0 0 0 0 0 0 0 4 0 14.004696
0 4 0 0 0 0 0 0 0 0 1 0 0 0 0 0 0 0 4 0 15.004790
0 4 0 0 0 0 0 0 0 0 1 0 0 0 0 0 0 0 4 0 16.004976
0 4 0 0 0 0 0 0 0 0 1 0 0 0 0 0 0 0 4 0 17.004928
0 4 0 0 0 0 0 0 0 0 1 0 0 0 0 0 0 0 4 0 18.004800
0 4 0 0 0 0 0 0 0 0 1 0 0 0 0 0 0 0 4 0 19.004741
0 4 0 0 0 0 0 0 0 0 1 0 0 0 0 0 0 0 4 0 20.004603
0 4 0 0 0 0 0 0 0 0 1 0 0 0 0 0 0 0 4 0 21.004747
0 4 0 0 0 0 0 0 0 0 1 0 0 0 0 0 0 0 4 0 22.004669
0 4 0 0 0 0 0 0 0 0 1 0 0 0 0 0 0 0 0 0 23.004739
0 4 1 0 0 0 0 0 0 0 0 0 0 0 0 0 0 0 0 0 24.004961
0 4 1 0 0 0 0 0 0 0 0 0 0 0 0 0 0 0 0 0 25.004730
0 4 1 0 0 0 0 0 0 0 0 0 0 0 0 0 0 0 0 0 26.004762
0 4 1 0 0 0 0 0 0 0 0 0 0 0 0 0 0 0 0 0 27.004912
4 4 1 0 0 4 0 0 0 0 1 3 0 0 0 0 3 0 4 0 28.002796
4 4 1 0 0 4 0 0 0 0 1 3 0 0 0 0 3 0 4 0 29.002443
4 4 1 0 0 4 3 0 0 0 0 3 0 0 0 0 3 0 4 0 30.002445
4 4 1 0 0 4 0 0 0 0 1 3 0 0 0 0 3 0 4 0 31.002439
4 4 1 0 0 4 0 0 0 0 1 3 0 0 0 0 3 0 4 0 32.002517
4 4 1 0 0 4 0 0 0 0 1 3 0 0 0 0 3 0 4 0 33.002313
0 4 1 0 0 0 0 0 0 0 0 0 0 0 0 0 3 0 0 0 34.004772
0 0 1 0 0 0 0 0 0 0 0 0 0 0 0 0 3 0 0 0 35.004975
0 0 1 0 0 0 0 0 0 0 0 0 0 0 0 0 3 0 0 0 36.005352
0 0 1 0 0 0 0 0 0 0 0 0 0 0 0 0 3 0 0 0 37.005499
0 0 1 0 0 0 0 0 0 0 0 0 0 0 0 0 3 0 0 0 38.005803
0 0 1 0 0 0 0 0 0 0 0 0 0 0 0 0 3 0 0 0 39.005271
0 0 1 0 0 0 0 0 0 0 0 0 0 0 0 0 3 0 0 0 40.005967
0 0 1 0 0 0 0 0 0 0 0 0 0 0 0 0 3 0 0 0 41.005356
0 0 1 0 0 0 0 0 0 0 0 0 0 0 0 0 3 0 0 0 42.005169
0 0 1 0 0 0 0 0 0 0 0 0 0 0 0 0 3 0 0 0 43.007190
0 0 1 0 0 0 0 0 0 0 0 0 0 0 0 0 3 0 0 0 44.006461
0 0 1 0 0 4 0 0 0 0 0 0 0 0 0 0 3 0 0 0 45.005444
0 0 1 0 0 4 0 0 0 0 0 0 0 0 0 0 3 0 0 0 46.005696
0 0 0 0 0 4 0 0 0 0 0 0 0 0 0 0 3 0 0 0 47.003577
0 0 0 0 0 4 3 0 0 0 0 0 0 0 0 0 3 0 0 0 48.005649
0 0 0 0 0 4 3 0 0 0 0 0 0 0 0 0 3 0 0 0 49.005935
0 0 0 0 0 4 3 0 0 0 0 0 0 0 0 0 3 0 0 0 50.005642
0 0 0 0 0 4 3 0 0 0 0 0 0 0 0 0 3 0 0 0 51.005730
0 0 0 0 0 4 3 0 0 0 0 0 0 0 0 0 3 0 4 0 52.005004
0 0 0 0 0 4 3 0 0 0 0 0 0 0 0 0 3 0 4 0 53.004954
0 0 3 0 0 4 0 0 0 0 0 0 0 0 0 0 0 0 4 0 54.002872
0 0 0 0 0 4 0 0 0 0 0 0 0 0 0 0 3 0 4 0 55.003301
0 0 3 0 0 4 0 0 0 0 0 0 0 0 0 0 3 0 4 0 56.003331
0 0 3 0 0 4 0 0 0 0 0 0 0 0 0 0 3 0 4 0 57.003157
0 0 3 0 0 4 0 0 0 0 0 0 0 0 0 0 3 0 4 0 58.003218
0 0 3 0 0 4 0 0 0 0 0 0 0 0 0 0 0 0 4 0 59.002582
0 0 3 0 0 4 0 0 0 0 0 0 0 0 0 0 3 0 4 0 60.003217
0 0 3 0 0 4 0 0 0 0 0 0 0 0 0 0 0 0 4 0 61.002599
0 4 3 0 0 4 0 0 0 0 0 0 0 0 0 0 3 0 4 0 62.003226
0 4 3 0 0 4 0 0 0 0 0 0 0 0 0 0 3 0 4 0 63.003290
4 4 3 0 0 4 0 0 0 0 0 0 0 0 0 0 0 0 4 0 64.003282
0 4 3 0 0 4 0 0 0 0 0 0 0 0 0 0 3 0 4 0 65.003307
0 4 3 0 0 4 0 0 0 0 0 0 0 0 0 0 0 0 4 0 66.003232
0 4 3 0 0 4 0 4 0 0 0 0 0 0 0 0 0 0 4 0 67.003263
0 4 3 0 0 4 0 4 0 0 0 0 0 0 0 0 0 0 4 0 68.003273
0 4 3 0 0 4 0 4 0 0 0 0 0 0 0 0 0 0 4 0 69.002699
0 4 3 0 0 4 0 4 0 0 0 0 0 0 0 0 0 0 4 0 70.003521
0 4 3 0 0 4 0 4 0 0 0 0 0 0 0 0 0 0 4 0 71.003527
0 4 3 0 0 4 0 4 0 0 0 0 0 0 0 0 0 0 4 0 72.003621
0 4 3 0 0 4 0 4 0 0 0 0 0 0 0 0 0 0 4 0 73.003651
0 4 3 0 0 4 0 4 0 0 0 0 0 0 0 0 0 0 4 0 74.003975
0 4 3 0 0 4 0 4 0 0 0 0 0 0 0 0 0 4 4 0 75.003616
0 4 3 4 0 4 0 4 0 0 0 0 0 0 0 0 0 4 4 0 76.004010
0 4 3 4 0 4 0 4 0 0 0 0 0 0 0 4 0 4 4 0 77.002734
0 4 3 4 0 4 0 4 0 0 0 0 0 0 0 4 0 4 4 0 78.003468
0 4 3 4 0 4 0 4 0 0 0 0 0 0 0 4 0 4 4 4 79.003902
0 4 3 4 0 4 0 4 0 0 0 0 0 0 0 4 0 4 4 4 80.003009
0 4 3 4 0 4 0 4 0 4 0 0 0 0 0 4 0 4 4 4 81.002761
0 4 3 4 0 4 0 4 0 4 0 0 0 0 0 4 0 4 4 4 82.003444
0 4 3 4 0 4 0 4 0 4 0 0 0 0 0 4 0 4 4 4 83.002709
0 4 3 4 0 4 0 4 0 4 0 0 0 0 0 4 0 4 4 4 84.003360
4 4 3 4 0 4 0 4 0 4 0 0 0 0 0 4 0 4 4 4 85.002618
4 4 3 4 0 4 0 4 0 4 0 0 0 0 0 4 0 4 4 4 86.003775
4 4 3 4 0 4 0 4 0 4 0 0 0 0 0 4 0 4 4 4 87.003545
4 4 3 4 0 4 0 4 0 4 0 0 0 0 0 4 0 4 4 4 88.002867
4 4 3 4 0 4 0 4 0 4 0 0 0 0 0 4 0 4 4 4 89.003616
4 4 3 4 0 4 0 4 0 4 0 0 0 0 0 4 0 4 4 4 90.003601
4 4 3 4 0 4 0 4 0 4 0 0 0 0 0 4 0 4 4 4 91.003366
4 4 3 4 0 4 0 4 0 4 0 0 0 0 0 4 0 4 4 4 92.003470
4 4 3 4 0 4 0 4 0 4 0 0 0 0 0 4 0 4 4 4 93.002794
4 4 3 4 0 4 0 4 0 4 0 0 0 0 0 4 0 4 4 4 94.002584
4 4 3 4 0 4 0 4 0 4 0 0 0 0 0 4 0 4 4 4 95.003244
4 4 3 4 0 4 0 4 0 4 0 0 0 0 0 4 0 4 4 4 96.003268
4 4 3 4 0 4 0 4 0 4 0 0 0 0 0 4 0 4 4 4 97.004129
4 4 3 4 0 4 0 4 0 4 0 0 0 0 0 4 0 4 4 4 98.003320
4 4 3 4 0 4 0 4 0 4 0 0 0 0 0 4 0 4 4 4 99.002554
4 4 3 4 0 4 0 4 0 4 0 0 0 0 0 4 0 4 4 4 100.003181
4 4 3 4 0 4 0 4 0 4 0 0 0 0 0 4 0 4 4 4 101.002567
4 4 3 4 0 4 0 4 0 4 0 0 0 0 0 4 0 4 4 4 102.003155
4 4 3 4 0 4 0 4 0 4 0 0 0 0 0 4 0 4 4 4 103.003249
4 4 3 4 0 4 0 4 0 4 0 0 0 0 0 4 0 4 4 4 104.003185
4 4 3 4 0 4 0 4 0 4 0 0 0 0 0 4 0 4 4 4 105.003122
4 4 3 4 0 4 0 4 0 4 0 0 0 0 0 4 0 4 4 4 106.002487
4 4 3 4 0 4 0 4 0 4 0 0 0 0 0 4 3 4 4 4 107.004509
4 4 3 4 0 4 0 4 0 4 0 0 0 0 0 4 0 4 4 4 108.003387
4 4 3 4 0 4 0 4 0 4 0 0 0 0 0 4 0 4 4 4 109.002735
4 4 3 4 0 4 0 4 0 4 1 0 0 0 0 4 0 4 4 4 110.002611
4 4 3 4 0 4 0 4 0 4 1 0 0 0 0 4 0 4 4 4 111.002497
4 4 3 4 0 4 0 4 0 4 3 0 0 0 0 4 0 4 4 4 112.002633
4 4 0 4 0 4 0 4 0 4 1 0 0 0 0 4 3 4 4 4 113.002333
4 4 3 4 0 4 4 4 0 4 1 0 0 0 0 4 3 4 4 4 114.002475
4 4 3 4 0 4 3 4 0 4 1 0 0 0 0 4 0 4 4 4 115.002200
4 4 0 4 0 4 4 4 0 4 3 0 3 0 0 4 0 4 4 4 116.002012
4 4 0 4 0 4 4 4 0 4 3 0 3 0 0 4 0 4 4 4 117.002065
4 4 0 4 0 4 4 4 0 4 1 0 3 0 0 4 0 4 4 4 118.002109
4 4 0 4 0 4 4 4 0 4 1 0 3 0 0 4 0 4 4 4 119.001958
4 4 0 4 0 4 4 4 0 4 1 0 3 0 0 4 0 4 4 4 120.002099
4 4 0 4 0 4 4 4 0 4 1 0 3 0 0 4 0 4 4 4 121.001997
4 4 0 4 0 4 4 4 0 4 1 0 3 0 0 4 0 4 4 4 122.001899
4 4 0 4 0 4 4 4 0 4 1 0 3 0 0 4 0 4 4 4 123.001869
4 4 0 4 0 4 4 4 0 4 1 0 3 0 0 4 0 4 4 4 124.001907
4 4 0 4 0 4 4 4 0 4 1 0 3 0 0 4 0 4 4 4 125.001855
4 4 0 4 0 4 4 4 0 4 1 0 3 0 0 4 0 4 4 4 126.001858
4 4 0 4 0 4 4 4 0 4 1 0 3 0 0 4 0 4 4 4 127.001860
4 4 0 4 0 4 4 4 0 4 1 3 0 0 0 4 0 4 4 4 128.001749
4 4 0 4 0 4 4 4 0 4 1 0 3 0 0 4 0 4 4 4 129.001857
4 4 0 4 0 4 4 4 0 4 3 1 0 0 0 4 0 4 4 4 130.001706
4 4 0 4 0 4 4 4 0 4 1 1 0 0 0 4 0 4 4 4 131.001742
4 4 0 4 0 4 4 4 0 4 1 1 0 0 0 4 0 4 4 4 132.001916
4 4 0 4 0 4 4 4 0 4 1 1 0 0 0 4 0 4 4 4 133.001718
4 4 0 4 0 4 4 4 0 4 1 1 0 0 0 4 0 4 4 4 134.001735
4 4 0 4 0 4 4 4 0 4 3 1 0 0 0 4 0 4 4 4 135.001708
4 4 0 4 0 4 4 4 0 4 1 1 0 0 0 4 0 4 4 4 136.001724
4 4 0 4 0 4 4 4 0 4 1 1 0 0 0 4 0 4 4 4 137.001719
4 4 0 4 0 4 4 4 0 4 1 1 0 0 0 4 0 4 4 4 138.001813
4 4 0 4 0 4 4 4 0 4 1 1 0 0 0 4 0 4 4 4 139.001713
4 4 0 4 0 4 4 4 0 4 1 1 0 0 0 4 0 4 4 4 140.001718
4 4 0 4 3 4 4 4 0 4 1 0 0 0 0 4 0 4 4 4 141.001721
4 4 0 4 3 4 4 4 0 4 1 0 0 0 0 4 0 4 4 4 142.001747
4 0 0 4 3 4 4 4 0 4 3 0 0 0 0 4 0 4 4 4 143.001704
4 0 0 4 0 4 4 4 0 4 1 3 0 0 0 4 0 4 4 4 144.001921
4 0 0 4 0 4 4 4 0 4 1 1 0 0 0 4 0 4 4 4 145.002379
4 0 0 4 3 4 4 4 0 4 3 0 0 0 0 4 0 4 4 4 146.002728
4 0 0 4 0 4 4 4 0 4 1 3 0 0 0 4 0 4 4 4 147.001822
4 0 0 4 3 4 4 4 0 4 1 0 0 0 0 4 0 4 4 4 148.002440
4 0 0 4 3 4 4 4 0 4 1 0 0 0 0 4 0 4 4 4 149.001768
4 0 0 4 3 4 4 4 0 4 3 0 0 0 0 4 0 4 4 4 150.001764
4 0 0 4 0 4 4 4 0 4 1 3 0 0 0 4 0 4 4 4 151.001919
4 0 0 4 0 4 4 4 0 4 1 3 0 0 0 4 0 4 4 4 152.002174
4 0 0 4 3 4 4 4 0 4 1 0 0 0 0 4 0 4 4 4 153.002841
4 0 0 4 0 4 4 4 0 4 1 1 0 0 0 4 0 4 4 4 154.001974
4 0 0 4 0 4 4 4 0 4 1 1 0 0 0 4 0 4 4 4 155.002318
4 0 0 4 0 4 4 4 0 4 1 0 0 0 0 4 0 4 4 4 156.003038
4 0 0 4 0 4 4 4 0 4 3 0 4 0 0 4 0 4 4 4 157.001763
4 4 0 4 0 4 4 4 0 4 3 0 4 0 0 4 0 4 4 4 158.001882
4 4 0 4 0 4 4 4 0 4 3 0 4 0 0 4 0 4 4 4 159.001721
4 4 0 4 0 4 4 4 0 4 3 0 4 0 0 4 0 4 4 4 160.001699
4 4 0 4 0 4 4 4 0 4 1 0 4 0 0 4 0 4 4 4 161.001809
4 4 0 4 0 4 4 4 0 4 3 0 4 0 0 4 0 4 4 4 162.001698
4 4 0 4 0 4 4 4 0 4 3 0 4 0 0 4 0 4 4 4 163.001682
4 4 0 4 0 4 4 4 0 4 3 0 4 0 0 4 0 4 4 4 164.001653
4 4 0 4 0 4 4 4 0 4 3 0 4 0 0 4 0 4 4 4 165.001651
4 4 0 4 0 4 4 4 0 4 3 0 4 0 0 4 0 4 4 4 166.001679
4 4 0 4 0 4 4 4 0 4 3 0 4 0 0 4 0 4 4 4 167.002078
4 4 0 4 0 4 4 4 0 4 3 0 4 0 0 4 0 4 4 4 168.001688
4 4 0 4 0 4 4 4 0 4 3 0 4 0 0 4 0 4 4 4 169.001719
4 4 0 4 0 4 4 4 0 4 3 3 4 0 0 4 0 4 4 4 170.002155
4 4 0 4 0 4 4 4 0 4 1 3 4 0 0 4 0 4 4 4 171.002293
4 4 0 4 0 4 4 4 0 4 1 3 4 0 0 4 0 4 4 4 172.001977
4 4 0 4 0 4 4 4 0 4 3 3 4 0 0 4 0 4 4 4 173.001892
4 4 0 4 0 4 4 4 0 4 1 3 4 0 0 4 0 4 4 4 174.001865
4 4 0 4 0 4 4 4 0 4 1 3 4 0 0 4 0 4 4 4 175.001879
4 4 0 4 0 4 4 4 0 4 3 3 4 0 0 4 0 4 4 4 176.002151
4 4 0 4 0 4 4 4 0 4 1 3 4 0 0 4 0 4 4 4 177.002078
4 4 0 4 0 4 4 4 0 4 1 3 4 0 0 4 0 4 4 4 178.002084
4 4 0 4 0 4 4 4 0 4 1 3 4 0 0 4 0 4 4 4 179.003127
4 4 0 4 0 4 4 4 0 4 1 3 4 0 0 4 0 4 4 4 180.002685
4 4 0 4 0 4 4 4 0 4 1 3 4 0 0 4 0 4 4 4 181.003910
4 4 0 4 0 4 4 4 0 4 1 3 4 0 0 4 0 4 4 4 182.002908
4 4 0 4 0 4 4 4 0 4 3 3 4 0 0 4 0 4 4 4 183.002295
4 4 0 4 0 4 4 4 0 4 3 3 4 0 0 4 0 4 4 4 184.002093
4 4 0 4 0 4 4 4 0 4 3 3 4 0 0 4 0 4 4 4 185.002167
4 4 0 4 0 4 4 4 0 4 1 3 4 0 0 4 0 4 4 4 186.002710
4 4 0 4 0 4 4 4 0 4 1 3 4 0 0 4 0 4 4 4 187.002635
4 4 0 4 0 4 4 4 0 4 3 3 4 0 0 4 0 4 4 4 188.002276
4 4 0 4 0 4 4 4 0 4 3 3 4 0 0 4 0 4 4 4 189.002147
4 4 0 4 4 4 4 4 0 4 3 3 4 0 0 4 0 4 4 4 190.001965
4 4 0 4 4 4 4 4 0 4 1 3 4 0 0 4 0 4 4 4 191.002265
4 4 0 4 4 4 4 4 0 4 1 3 4 0 0 4 0 4 4 4 192.002041
4 4 0 4 4 4 4 4 0 4 1 3 4 0 0 4 0 4 4 4 193.002255
4 4 0 4 4 4 4 4 0 4 1 3 4 0 4 4 0 4 4 4 194.002163
4 4 0 4 4 4 4 4 0 4 1 3 4 0 4 4 0 4 4 4 195.002058
4 4 0 4 4 4 4 4 0 4 1 3 4 0 4 4 0 4 4 4 196.001949
4 4 0 4 4 4 4 4 0 4 1 3 4 0 4 4 0 4 4 4 197.001908
4 4 0 4 4 4 4 4 0 4 1 3 4 0 4 4 0 4 4 4 198.001809
4 4 0 4 4 4 4 4 0 4 3 3 4 0 4 4 0 4 4 4 199.001748
4 4 0 4 4 4 4 4 0 4 1 3 4 0 4 4 0 4 4 4 200.001932
4 4 0 4 4 4 4 4 0 4 1 3 4 0 4 4 0 4 4 4 201.001890
4 4 0 4 4 4 4 4 0 4 1 3 4 0 4 4 0 4 4 4 202.001843
4 4 0 4 4 4 4 4 0 4 1 3 4 0 4 4 0 4 4 4 203.001838
4 4 0 4 4 4 4 4 0 4 1 3 4 0 0 4 0 4 4 4 204.002026
4 4 0 4 4 4 4 4 0 4 1 3 4 0 0 4 0 4 4 4 205.001777
4 4 0 4 4 4 4 4 0 4 1 3 4 0 0 4 0 4 4 4 206.001734
4 4 0 4 4 4 4 4 0 4 1 3 4 0 0 4 0 4 4 4 207.001845
4 4 0 4 4 4 4 4 0 4 1 3 4 0 0 4 0 4 4 4 208.001794
4 4 0 4 4 4 4 4 0 4 1 3 4 0 0 4 0 4 4 4 209.001694
4 4 0 4 4 4 4 4 0 4 1 3 4 0 0 4 0 4 4 4 210.001768
4 4 0 4 1 3 4 4 0 4 1 3 4 0 0 2 0 4 4 0 211.002088
4 4 0 3 4 3 4 4 0 4 2 3 4 0 0 2 0 4 4 0 212.002148
4 4 0 3 4 2 4 4 0 4 1 2 4 0 0 2 0 4 4 0 213.001997
4 4 0 3 1 2 4 4 0 4 1 2 4 0 0 2 0 4 4 0 214.002300
3 4 0 2 4 2 4 4 0 4 1 2 4 0 0 2 0 4 4 0 215.001956
3 4 0 2 4 2 4 4 0 4 1 2 4 0 0 2 0 4 4 0 216.001910
3 4 0 2 4 2 4 4 0 4 1 2 4 0 0 2 0 4 4 0 217.002036
3 4 0 2 4 2 4 4 0 4 1 2 4 0 0 2 0 4 4 0 218.001938
3 4 0 2 4 2 4 4 0 4 1 2 4 0 0 2 0 4 4 0 219.001943
3 4 0 2 4 2 4 4 0 4 1 1 4 0 0 2 0 4 4 0 220.001975
3 4 0 2 4 2 4 4 0 4 1 1 4 0 0 2 0 4 4 0 221.001990
3 4 0 2 4 2 4 4 0 4 1 2 4 0 0 2 0 4 4 0 222.002000
3 4 0 2 4 2 4 4 0 4 1 1 4 0 0 2 0 4 4 0 223.002018
3 4 0 2 4 2 4 4 0 4 1 1 4 0 0 2 0 4 4 0 224.001983
3 4 0 2 4 2 4 4 0 4 1 2 4 0 0 2 0 4 4 0 225.002006
3 4 0 2 4 2 4 4 0 4 2 2 4 0 0 2 0 4 4 0 226.001905
3 4 0 2 4 2 4 4 0 4 1 1 4 0 0 2 0 4 4 0 227.002007
3 4 0 2 4 2 4 4 0 4 1 1 4 0 0 2 0 4 4 0 228.001935
3 4 0 2 4 2 4 4 0 4 1 2 4 0 0 2 0 4 4 0 229.002039
3 4 0 2 4 2 4 4 0 4 2 1 4 0 0 2 0 4 4 0 230.001921
3 4 0 2 4 2 4 4 0 4 1 2 4 0 0 2 0 4 4 0 231.001971
3 4 0 2 4 2 4 4 0 4 1 1 4 0 0 2 0 4 4 0 232.001913
3 4 0 2 4 2 4 4 0 4 1 1 4 0 0 2 0 4 4 0 233.001993
3 4 0 2 4 2 4 4 0 4 1 2 4 0 0 2 0 4 4 0 234.001943
3 4 0 2 4 2 4 4 0 4 1 2 4 0 0 2 0 4 4 0 235.002004
3 4 0 2 4 2 4 4 0 4 1 2 4 0 0 2 0 4 4 0 236.001908
3 4 0 2 0 2 4 4 0 4 1 2 4 0 0 2 0 4 4 0 237.001989
3 0 0 2 0 2 4 4 0 4 1 1 4 0 0 2 0 4 4 0 238.002100
3 0 0 2 0 2 4 4 0 4 2 2 4 0 0 2 0 4 4 0 239.002096
3 0 0 2 0 2 4 4 0 4 2 1 4 0 0 2 0 4 4 0 240.001992
3 0 0 2 0 2 4 4 0 4 1 2 4 0 0 2 0 4 4 0 241.002110
3 0 0 2 0 2 4 4 0 4 1 2 4 0 0 2 0 4 4 0 242.002057
3 0 0 2 0 2 4 4 0 4 1 2 4 0 0 2 0 4 4 0 243.002162
3 0 0 2 0 2 4 4 0 4 1 2 4 0 0 2 0 4 4 0 244.001968
3 0 0 2 0 2 4 4 0 4 1 2 4 0 0 2 0 4 4 0 245.001978
3 0 0 2 4 2 4 4 0 4 1 2 4 0 0 2 0 4 4 0 246.001912
3 0 0 2 4 2 4 4 0 4 1 2 4 0 0 2 0 4 4 0 247.001945
3 0 0 2 4 2 4 4 0 4 2 2 4 0 0 2 0 4 4 0 248.001965
3 0 0 2 4 2 4 4 0 4 1 2 4 0 0 2 0 4 4 0 249.001976
3 0 0 2 4 2 4 4 0 4 1 2 4 0 0 2 0 4 4 0 250.001983
3 0 0 2 4 2 4 4 0 4 1 2 4 0 0 2 0 4 4 0 251.001916
3 0 0 2 4 2 4 4 0 4 1 2 4 0 0 2 0 4 4 0 252.001900
3 0 0 2 4 2 4 4 0 4 1 2 4 0 0 2 0 4 4 0 253.001905
3 0 0 2 4 2 4 4 0 4 1 2 4 0 0 2 0 4 4 0 254.002072
3 0 0 2 4 2 4 4 0 4 1 2 4 0 0 2 0 4 4 0 255.002008
3 0 0 2 4 2 4 4 0 4 1 2 4 0 0 2 0 4 4 0 256.001918
3 4 0 2 4 2 4 4 0 4 1 2 4 0 0 2 0 4 4 0 257.001940
3 4 0 2 4 2 4 4 0 4 2 2 4 0 0 2 0 4 4 0 258.001946
3 4 0 2 4 2 4 4 0 4 1 2 4 0 0 2 0 4 4 0 259.002004
3 4 0 2 4 2 4 4 0 4 1 2 4 0 0 2 0 4 0 0 260.002021
3 4 0 2 4 2 4 4 0 4 1 2 4 0 0 2 0 4 0 0 261.001927
3 4 0 2 4 2 4 4 0 4 2 3 4 0 0 2 0 4 0 0 262.001930
3 4 0 2 4 2 4 4 0 4 1 3 4 0 0 2 0 4 0 0 263.002131
3 4 0 2 4 2 4 4 0 4 1 3 4 0 0 2 0 4 0 0 264.002464
3 4 0 2 4 2 4 4 0 4 1 3 4 0 0 2 0 4 0 0 265.002277
3 4 0 3 4 2 4 4 0 4 1 3 4 0 0 2 0 4 0 0 266.002156
3 4 0 2 4 2 4 4 0 4 1 3 4 0 0 2 0 4 0 0 267.002147
3 4 0 2 4 2 4 4 0 4 1 3 4 0 0 2 0 4 0 0 268.002091
3 4 0 2 4 2 4 4 0 4 1 3 4 0 0 2 0 4 0 0 269.002151
3 4 0 2 4 2 4 4 0 4 1 3 4 0 0 2 0 4 0 0 270.002063
3 4 0 2 4 2 4 4 0 4 2 3 4 0 0 2 0 4 0 0 271.002009
3 4 0 2 4 3 4 4 0 4 2 3 4 0 0 2 0 4 0 0 272.001919
3 4 0 2 4 2 4 4 0 4 1 3 4 0 0 2 0 4 0 0 273.002144
3 4 0 2 4 2 4 4 0 4 1 3 4 0 0 2 0 4 0 0 274.002104
3 4 0 2 4 2 4 4 0 4 1 3 4 0 0 2 0 4 0 0 275.002010
3 4 0 2 4 2 4 4 0 4 2 3 4 0 0 2 0 4 0 0 276.001971
3 4 0 2 4 2 4 4 0 4 1 3 4 0 0 2 0 4 0 0 277.002089
3 4 0 2 4 2 4 4 0 4 2 3 4 0 0 2 0 4 0 0 278.001954
3 4 0 2 4 2 4 4 0 4 2 3 4 0 0 2 0 4 0 0 279.001964
3 4 0 2 4 2 4 4 0 4 2 3 4 0 0 2 0 4 0 0 280.001990
3 4 0 0 4 2 4 4 0 4 2 3 4 0 0 2 0 4 0 0 281.002925
3 4 0 0 4 2 4 4 0 4 2 3 4 0 0 2 0 4 0 0 282.002090
3 4 0 0 4 2 4 4 0 4 2 3 4 0 0 2 0 4 0 0 283.001976
3 4 0 0 4 2 4 4 0 4 2 3 4 0 0 2 0 4 0 0 284.001978
3 4 0 0 4 2 4 4 0 4 2 3 4 0 0 2 0 4 0 0 285.001951
3 4 0 0 4 2 4 4 0 4 2 3 4 0 0 2 0 4 0 0 286.002235
3 4 0 0 4 0 4 4 0 4 2 3 4 0 0 2 0 4 0 0 287.002087
3 4 0 0 4 0 4 4 0 4 2 3 4 0 0 2 0 4 0 0 288.001965
3 4 0 0 4 0 4 4 0 4 2 3 4 0 0 2 0 4 0 0 289.002028
3 4 0 0 4 0 0 4 0 4 2 3 4 0 0 2 0 4 0 0 290.002121
3 4 0 0 4 0 0 4 0 4 2 3 4 0 0 2 0 4 0 0 291.002183
3 4 0 0 4 0 0 4 0 4 2 3 4 0 0 2 0 4 0 0 292.002193
3 4 0 0 4 0 0 4 0 4 2 3 4 0 0 2 0 4 0 0 293.002207
3 4 0 0 4 0 0 4 0 4 2 3 4 0 0 2 0 4 0 0 294.001987
3 4 0 0 4 0 0 4 0 4 2 3 4 0 0 2 0 4 0 0 295.002271
3 4 0 0 4 0 0 4 0 4 2 3 4 0 0 2 0 4 0 0 296.002215
3 4 0 0 4 0 0 4 0 4 2 3 4 0 0 2 0 4 0 0 297.002074
3 4 0 0 4 0 0 4 0 4 2 3 4 0 0 2 0 4 0 0 298.002201
3 4 0 0 4 0 0 4 0 4 2 3 4 0 0 2 0 4 0 0 299.001995
3 4 0 0 4 0 0 4 0 4 2 3 4 0 0 2 0 4 0 0 300.002074
