                            Time;          Lat(deg);          Lon(deg);           Alt(km)
  20 Jun 2018 16:00:00.000000000;      4.346956e+01;     -8.054376e+01;      8.000000e-01
  20 Jun 2018 16:00:00.100000000;      4.346955e+01;     -8.054375e+01;      8.000000e-01
  20 Jun 2018 16:00:00.200000000;      4.346953e+01;     -8.054374e+01;      8.000000e-01
  20 Jun 2018 16:00:00.300000000;      4.346952e+01;     -8.054374e+01;      8.000000e-01
  20 Jun 2018 16:00:00.400000000;      4.346950e+01;     -8.054373e+01;      8.000000e-01
  20 Jun 2018 16:00:00.500000000;      4.346949e+01;     -8.054372e+01;      8.000000e-01
  20 Jun 2018 16:00:00.600000000;      4.346947e+01;     -8.054371e+01;      8.000000e-01
  20 Jun 2018 16:00:00.700000000;      4.346946e+01;     -8.054370e+01;      8.000000e-01
  20 Jun 2018 16:00:00.800000000;      4.346944e+01;     -8.054370e+01;      8.000000e-01
  20 Jun 2018 16:00:00.900000000;      4.346943e+01;     -8.054369e+01;      8.000000e-01
  20 Jun 2018 16:00:01.000000000;      4.346941e+01;     -8.054368e+01;      8.000000e-01
  20 Jun 2018 16:00:01.100000000;      4.346940e+01;     -8.054367e+01;      8.000000e-01
  20 Jun 2018 16:00:01.200000000;      4.346938e+01;     -8.054367e+01;      8.000000e-01
  20 Jun 2018 16:00:01.300000000;      4.346937e+01;     -8.054366e+01;      8.000000e-01
  20 Jun 2018 16:00:01.400000000;      4.346935e+01;     -8.054365e+01;      8.000000e-01
  20 Jun 2018 16:00:01.500000000;      4.346933e+01;     -8.054364e+01;      8.000000e-01
  20 Jun 2018 16:00:01.600000000;      4.346932e+01;     -8.054363e+01;      8.000000e-01
  20 Jun 2018 16:00:01.700000000;      4.346930e+01;     -8.054363e+01;      8.000000e-01
  20 Jun 2018 16:00:01.800000000;      4.346929e+01;     -8.054362e+01;      8.000000e-01
  20 Jun 2018 16:00:01.900000000;      4.346927e+01;     -8.054361e+01;      8.000000e-01
  20 Jun 2018 16:00:02.000000000;      4.346926e+01;     -8.054360e+01;      8.000000e-01
  20 Jun 2018 16:00:02.100000000;      4.346924e+01;     -8.054360e+01;      8.000000e-01
  20 Jun 2018 16:00:02.200000000;      4.346923e+01;     -8.054359e+01;      8.000000e-01
  20 Jun 2018 16:00:02.300000000;      4.346921e+01;     -8.054358e+01;      8.000000e-01
  20 Jun 2018 16:00:02.400000000;      4.346920e+01;     -8.054357e+01;      8.000000e-01
  20 Jun 2018 16:00:02.500000000;      4.346918e+01;     -8.054356e+01;      8.000000e-01
  20 Jun 2018 16:00:02.600000000;      4.346917e+01;     -8.054356e+01;      8.000000e-01
  20 Jun 2018 16:00:02.700000000;      4.346915e+01;     -8.054355e+01;      8.000000e-01
  20 Jun 2018 16:00:02.800000000;      4.346914e+01;     -8.054354e+01;      8.000000e-01
  20 Jun 2018 16:00:02.900000000;      4.346912e+01;     -8.054353e+01;      8.000000e-01
  20 Jun 2018 16:00:03.000000000;      4.346911e+01;     -8.054352e+01;      8.000000e-01
  20 Jun 2018 16:00:03.100000000;      4.346909e+01;     -8.054352e+01;      8.000000e-01
  20 Jun 2018 16:00:03.200000000;      4.346908e+01;     -8.054351e+01;      8.000000e-01
  20 Jun 2018 16:00:03.300000000;      4.346906e+01;     -8.054350e+01;      8.000000e-01
  20 Jun 2018 16:00:03.400000000;      4.346905e+01;     -8.054349e+01;      8.000000e-01
  20 Jun 2018 16:00:03.500000000;      4.346903e+01;     -8.054349e+01;      8.000000e-01
  20 Jun 2018 16:00:03.600000000;      4.346902e+01;     -8.054348e+01;      8.000000e-01
  20 Jun 2018 16:00:03.700000000;      4.346900e+01;     -8.054347e+01;      8.000000e-01
  20 Jun 2018 16:00:03.800000000;      4.346899e+01;     -8.054346e+01;      8.000000e-01
  20 Jun 2018 16:00:03.900000000;      4.346897e+01;     -8.054345e+01;      8.000000e-01
  20 Jun 2018 16:00:04.000000000;      4.346896e+01;     -8.054345e+01;      8.000000e-01
  20 Jun 2018 16:00:04.100000000;      4.346894e+01;     -8.054344e+01;      8.000000e-01
  20 Jun 2018 16:00:04.200000000;      4.346893e+01;     -8.054343e+01;      8.000000e-01
  20 Jun 2018 16:00:04.300000000;      4.346891e+01;     -8.054342e+01;      8.000000e-01
  20 Jun 2018 16:00:04.400000000;      4.346889e+01;     -8.054342e+01;      8.000000e-01
  20 Jun 2018 16:00:04.500000000;      4.346888e+01;     -8.054341e+01;      8.000000e-01
  20 Jun 2018 16:00:04.600000000;      4.346886e+01;     -8.054340e+01;      8.000000e-01
  20 Jun 2018 16:00:04.700000000;      4.346885e+01;     -8.054339e+01;      8.000000e-01
  20 Jun 2018 16:00:04.800000000;      4.346883e+01;     -8.054338e+01;      8.000000e-01
  20 Jun 2018 16:00:04.900000000;      4.346882e+01;     -8.054338e+01;      8.000000e-01
  20 Jun 2018 16:00:05.000000000;      4.346880e+01;     -8.054337e+01;      8.000000e-01
  20 Jun 2018 16:00:05.100000000;      4.346879e+01;     -8.054336e+01;      8.000000e-01
  20 Jun 2018 16:00:05.200000000;      4.346877e+01;     -8.054335e+01;      8.000000e-01
  20 Jun 2018 16:00:05.300000000;      4.346876e+01;     -8.054335e+01;      8.000000e-01
  20 Jun 2018 16:00:05.400000000;      4.346874e+01;     -8.054334e+01;      8.000000e-01
  20 Jun 2018 16:00:05.500000000;      4.346873e+01;     -8.054333e+01;      8.000000e-01
  20 Jun 2018 16:00:05.600000000;      4.346871e+01;     -8.054332e+01;      8.000000e-01
  20 Jun 2018 16:00:05.700000000;      4.346870e+01;     -8.054331e+01;      8.000000e-01
  20 Jun 2018 16:00:05.800000000;      4.346868e+01;     -8.054331e+01;      8.000000e-01
  20 Jun 2018 16:00:05.900000000;      4.346867e+01;     -8.054330e+01;      8.000000e-01
  20 Jun 2018 16:00:06.000000000;      4.346865e+01;     -8.054329e+01;      8.000000e-01
  20 Jun 2018 16:00:06.100000000;      4.346864e+01;     -8.054328e+01;      8.000000e-01
  20 Jun 2018 16:00:06.200000000;      4.346862e+01;     -8.054327e+01;      8.000000e-01
  20 Jun 2018 16:00:06.300000000;      4.346861e+01;     -8.054326e+01;      8.000000e-01
  20 Jun 2018 16:00:06.400000000;      4.346859e+01;     -8.054325e+01;      8.000000e-01
  20 Jun 2018 16:00:06.500000000;      4.346858e+01;     -8.054324e+01;      8.000000e-01
  20 Jun 2018 16:00:06.600000000;      4.346856e+01;     -8.054323e+01;      8.000000e-01
  20 Jun 2018 16:00:06.700000000;      4.346855e+01;     -8.054322e+01;      8.000000e-01
  20 Jun 2018 16:00:06.800000000;      4.346854e+01;     -8.054321e+01;      8.000000e-01
  20 Jun 2018 16:00:06.900000000;      4.346852e+01;     -8.054320e+01;      8.000000e-01
  20 Jun 2018 16:00:07.000000000;      4.346851e+01;     -8.054319e+01;      8.000000e-01
  20 Jun 2018 16:00:07.100000000;      4.346849e+01;     -8.054318e+01;      8.000000e-01
  20 Jun 2018 16:00:07.200000000;      4.346848e+01;     -8.054317e+01;      8.000000e-01
  20 Jun 2018 16:00:07.300000000;      4.346846e+01;     -8.054316e+01;      8.000000e-01
  20 Jun 2018 16:00:07.400000000;      4.346845e+01;     -8.054315e+01;      8.000000e-01
  20 Jun 2018 16:00:07.500000000;      4.346844e+01;     -8.054314e+01;      8.000000e-01
  20 Jun 2018 16:00:07.600000000;      4.346842e+01;     -8.054312e+01;      8.000000e-01
  20 Jun 2018 16:00:07.700000000;      4.346841e+01;     -8.054311e+01;      8.000000e-01
  20 Jun 2018 16:00:07.800000000;      4.346840e+01;     -8.054310e+01;      8.000000e-01
  20 Jun 2018 16:00:07.900000000;      4.346838e+01;     -8.054309e+01;      8.000000e-01
  20 Jun 2018 16:00:08.000000000;      4.346837e+01;     -8.054308e+01;      8.000000e-01
  20 Jun 2018 16:00:08.100000000;      4.346835e+01;     -8.054306e+01;      8.000000e-01
  20 Jun 2018 16:00:08.200000000;      4.346834e+01;     -8.054305e+01;      8.000000e-01
  20 Jun 2018 16:00:08.300000000;      4.346833e+01;     -8.054304e+01;      8.000000e-01
  20 Jun 2018 16:00:08.400000000;      4.346831e+01;     -8.054303e+01;      8.000000e-01
  20 Jun 2018 16:00:08.500000000;      4.346830e+01;     -8.054301e+01;      8.000000e-01
  20 Jun 2018 16:00:08.600000000;      4.346829e+01;     -8.054300e+01;      8.000000e-01
  20 Jun 2018 16:00:08.700000000;      4.346828e+01;     -8.054299e+01;      8.000000e-01
  20 Jun 2018 16:00:08.800000000;      4.346826e+01;     -8.054297e+01;      8.000000e-01
  20 Jun 2018 16:00:08.900000000;      4.346825e+01;     -8.054296e+01;      8.000000e-01
  20 Jun 2018 16:00:09.000000000;      4.346824e+01;     -8.054295e+01;      8.000000e-01
  20 Jun 2018 16:00:09.100000000;      4.346822e+01;     -8.054293e+01;      8.000000e-01
  20 Jun 2018 16:00:09.200000000;      4.346821e+01;     -8.054292e+01;      8.000000e-01
  20 Jun 2018 16:00:09.300000000;      4.346820e+01;     -8.054290e+01;      8.000000e-01
  20 Jun 2018 16:00:09.400000000;      4.346819e+01;     -8.054289e+01;      8.000000e-01
  20 Jun 2018 16:00:09.500000000;      4.346818e+01;     -8.054287e+01;      8.000000e-01
  20 Jun 2018 16:00:09.600000000;      4.346816e+01;     -8.054286e+01;      8.000000e-01
  20 Jun 2018 16:00:09.700000000;      4.346815e+01;     -8.054284e+01;      8.000000e-01
  20 Jun 2018 16:00:09.800000000;      4.346814e+01;     -8.054283e+01;      8.000000e-01
  20 Jun 2018 16:00:09.900000000;      4.346813e+01;     -8.054281e+01;      8.000000e-01
  20 Jun 2018 16:00:10.000000000;      4.346812e+01;     -8.054280e+01;      8.000000e-01
  20 Jun 2018 16:00:10.100000000;      4.346810e+01;     -8.054278e+01;      8.000000e-01
  20 Jun 2018 16:00:10.200000000;      4.346809e+01;     -8.054277e+01;      8.000000e-01
  20 Jun 2018 16:00:10.300000000;      4.346808e+01;     -8.054275e+01;      8.000000e-01
  20 Jun 2018 16:00:10.400000000;      4.346807e+01;     -8.054274e+01;      8.000000e-01
  20 Jun 2018 16:00:10.500000000;      4.346806e+01;     -8.054272e+01;      8.000000e-01
  20 Jun 2018 16:00:10.600000000;      4.346805e+01;     -8.054270e+01;      8.000000e-01
  20 Jun 2018 16:00:10.700000000;      4.346804e+01;     -8.054269e+01;      8.000000e-01
  20 Jun 2018 16:00:10.800000000;      4.346803e+01;     -8.054267e+01;      8.000000e-01
  20 Jun 2018 16:00:10.900000000;      4.346801e+01;     -8.054265e+01;      8.000000e-01
  20 Jun 2018 16:00:11.000000000;      4.346800e+01;     -8.054264e+01;      8.000000e-01
  20 Jun 2018 16:00:11.100000000;      4.346799e+01;     -8.054262e+01;      8.000000e-01
  20 Jun 2018 16:00:11.200000000;      4.346798e+01;     -8.054260e+01;      8.000000e-01
  20 Jun 2018 16:00:11.300000000;      4.346797e+01;     -8.054259e+01;      8.000000e-01
  20 Jun 2018 16:00:11.400000000;      4.346796e+01;     -8.054257e+01;      8.000000e-01
  20 Jun 2018 16:00:11.500000000;      4.346795e+01;     -8.054255e+01;      8.000000e-01
  20 Jun 2018 16:00:11.600000000;      4.346794e+01;     -8.054253e+01;      8.000000e-01
  20 Jun 2018 16:00:11.700000000;      4.346793e+01;     -8.054252e+01;      8.000000e-01
  20 Jun 2018 16:00:11.800000000;      4.346792e+01;     -8.054250e+01;      8.000000e-01
  20 Jun 2018 16:00:11.900000000;      4.346791e+01;     -8.054248e+01;      8.000000e-01
  20 Jun 2018 16:00:12.000000000;      4.346790e+01;     -8.054246e+01;      8.000000e-01
  20 Jun 2018 16:00:12.100000000;      4.346789e+01;     -8.054245e+01;      8.000000e-01
  20 Jun 2018 16:00:12.200000000;      4.346788e+01;     -8.054243e+01;      8.000000e-01
  20 Jun 2018 16:00:12.300000000;      4.346788e+01;     -8.054241e+01;      8.000000e-01
  20 Jun 2018 16:00:12.400000000;      4.346787e+01;     -8.054239e+01;      8.000000e-01
  20 Jun 2018 16:00:12.500000000;      4.346786e+01;     -8.054237e+01;      8.000000e-01
  20 Jun 2018 16:00:12.600000000;      4.346785e+01;     -8.054235e+01;      8.000000e-01
  20 Jun 2018 16:00:12.700000000;      4.346784e+01;     -8.054234e+01;      8.000000e-01
  20 Jun 2018 16:00:12.800000000;      4.346783e+01;     -8.054232e+01;      8.000000e-01
  20 Jun 2018 16:00:12.900000000;      4.346782e+01;     -8.054230e+01;      8.000000e-01
  20 Jun 2018 16:00:13.000000000;      4.346781e+01;     -8.054228e+01;      8.000000e-01
  20 Jun 2018 16:00:13.100000000;      4.346780e+01;     -8.054226e+01;      8.000000e-01
  20 Jun 2018 16:00:13.200000000;      4.346779e+01;     -8.054224e+01;      8.000000e-01
  20 Jun 2018 16:00:13.300000000;      4.346779e+01;     -8.054222e+01;      8.000000e-01
  20 Jun 2018 16:00:13.400000000;      4.346778e+01;     -8.054221e+01;      8.000000e-01
  20 Jun 2018 16:00:13.500000000;      4.346777e+01;     -8.054219e+01;      8.000000e-01
  20 Jun 2018 16:00:13.600000000;      4.346776e+01;     -8.054217e+01;      8.000000e-01
  20 Jun 2018 16:00:13.700000000;      4.346775e+01;     -8.054215e+01;      8.000000e-01
  20 Jun 2018 16:00:13.800000000;      4.346774e+01;     -8.054213e+01;      8.000000e-01
  20 Jun 2018 16:00:13.900000000;      4.346773e+01;     -8.054211e+01;      8.000000e-01
  20 Jun 2018 16:00:14.000000000;      4.346772e+01;     -8.054209e+01;      8.000000e-01
  20 Jun 2018 16:00:14.100000000;      4.346771e+01;     -8.054208e+01;      8.000000e-01
  20 Jun 2018 16:00:14.200000000;      4.346770e+01;     -8.054206e+01;      8.000000e-01
  20 Jun 2018 16:00:14.300000000;      4.346770e+01;     -8.054204e+01;      8.000000e-01
  20 Jun 2018 16:00:14.400000000;      4.346769e+01;     -8.054202e+01;      8.000000e-01
  20 Jun 2018 16:00:14.500000000;      4.346768e+01;     -8.054200e+01;      8.000000e-01
  20 Jun 2018 16:00:14.600000000;      4.346767e+01;     -8.054198e+01;      8.000000e-01
  20 Jun 2018 16:00:14.700000000;      4.346766e+01;     -8.054196e+01;      8.000000e-01
  20 Jun 2018 16:00:14.800000000;      4.346765e+01;     -8.054195e+01;      8.000000e-01
  20 Jun 2018 16:00:14.900000000;      4.346764e+01;     -8.054193e+01;      8.000000e-01
  20 Jun 2018 16:00:15.000000000;      4.346763e+01;     -8.054191e+01;      8.000000e-01
  20 Jun 2018 16:00:15.100000000;      4.346762e+01;     -8.054189e+01;      8.000000e-01
  20 Jun 2018 16:00:15.200000000;      4.346762e+01;     -8.054187e+01;      8.000000e-01
  20 Jun 2018 16:00:15.300000000;      4.346761e+01;     -8.054185e+01;      8.000000e-01
  20 Jun 2018 16:00:15.400000000;      4.346760e+01;     -8.054183e+01;      8.000000e-01
  20 Jun 2018 16:00:15.500000000;      4.346759e+01;     -8.054181e+01;      8.000000e-01
  20 Jun 2018 16:00:15.600000000;      4.346758e+01;     -8.054180e+01;      8.000000e-01
  20 Jun 2018 16:00:15.700000000;      4.346757e+01;     -8.054178e+01;      8.000000e-01
  20 Jun 2018 16:00:15.800000000;      4.346757e+01;     -8.054176e+01;      8.000000e-01
  20 Jun 2018 16:00:15.900000000;      4.346756e+01;     -8.054174e+01;      8.000000e-01
  20 Jun 2018 16:00:16.000000000;      4.346755e+01;     -8.054172e+01;      8.000000e-01
  20 Jun 2018 16:00:16.100000000;      4.346754e+01;     -8.054170e+01;      8.000000e-01
  20 Jun 2018 16:00:16.200000000;      4.346753e+01;     -8.054168e+01;      8.000000e-01
  20 Jun 2018 16:00:16.300000000;      4.346753e+01;     -8.054166e+01;      8.000000e-01
  20 Jun 2018 16:00:16.400000000;      4.346752e+01;     -8.054164e+01;      8.000000e-01
  20 Jun 2018 16:00:16.500000000;      4.346751e+01;     -8.054162e+01;      8.000000e-01
  20 Jun 2018 16:00:16.600000000;      4.346751e+01;     -8.054160e+01;      8.000000e-01
  20 Jun 2018 16:00:16.700000000;      4.346750e+01;     -8.054158e+01;      8.000000e-01
  20 Jun 2018 16:00:16.800000000;      4.346749e+01;     -8.054156e+01;      8.000000e-01
  20 Jun 2018 16:00:16.900000000;      4.346749e+01;     -8.054154e+01;      8.000000e-01
  20 Jun 2018 16:00:17.000000000;      4.346748e+01;     -8.054152e+01;      8.000000e-01
  20 Jun 2018 16:00:17.100000000;      4.346747e+01;     -8.054150e+01;      8.000000e-01
  20 Jun 2018 16:00:17.200000000;      4.346747e+01;     -8.054148e+01;      8.000000e-01
  20 Jun 2018 16:00:17.300000000;      4.346746e+01;     -8.054146e+01;      8.000000e-01
  20 Jun 2018 16:00:17.400000000;      4.346745e+01;     -8.054144e+01;      8.000000e-01
  20 Jun 2018 16:00:17.500000000;      4.346745e+01;     -8.054142e+01;      8.000000e-01
  20 Jun 2018 16:00:17.600000000;      4.346744e+01;     -8.054139e+01;      8.000000e-01
  20 Jun 2018 16:00:17.700000000;      4.346744e+01;     -8.054137e+01;      8.000000e-01
  20 Jun 2018 16:00:17.800000000;      4.346743e+01;     -8.054135e+01;      8.000000e-01
  20 Jun 2018 16:00:17.900000000;      4.346743e+01;     -8.054133e+01;      8.000000e-01
  20 Jun 2018 16:00:18.000000000;      4.346742e+01;     -8.054131e+01;      8.000000e-01
  20 Jun 2018 16:00:18.100000000;      4.346742e+01;     -8.054129e+01;      8.000000e-01
  20 Jun 2018 16:00:18.200000000;      4.346741e+01;     -8.054127e+01;      8.000000e-01
  20 Jun 2018 16:00:18.300000000;      4.346741e+01;     -8.054125e+01;      8.000000e-01
  20 Jun 2018 16:00:18.400000000;      4.346740e+01;     -8.054123e+01;      8.000000e-01
  20 Jun 2018 16:00:18.500000000;      4.346740e+01;     -8.054120e+01;      8.000000e-01
  20 Jun 2018 16:00:18.600000000;      4.346739e+01;     -8.054118e+01;      8.000000e-01
  20 Jun 2018 16:00:18.700000000;      4.346739e+01;     -8.054116e+01;      8.000000e-01
  20 Jun 2018 16:00:18.800000000;      4.346739e+01;     -8.054114e+01;      8.000000e-01
  20 Jun 2018 16:00:18.900000000;      4.346738e+01;     -8.054112e+01;      8.000000e-01
  20 Jun 2018 16:00:19.000000000;      4.346738e+01;     -8.054110e+01;      8.000000e-01
  20 Jun 2018 16:00:19.100000000;      4.346737e+01;     -8.054107e+01;      8.000000e-01
  20 Jun 2018 16:00:19.200000000;      4.346737e+01;     -8.054105e+01;      8.000000e-01
  20 Jun 2018 16:00:19.300000000;      4.346737e+01;     -8.054103e+01;      8.000000e-01
  20 Jun 2018 16:00:19.400000000;      4.346736e+01;     -8.054101e+01;      8.000000e-01
  20 Jun 2018 16:00:19.500000000;      4.346736e+01;     -8.054099e+01;      8.000000e-01
  20 Jun 2018 16:00:19.600000000;      4.346736e+01;     -8.054097e+01;      8.000000e-01
  20 Jun 2018 16:00:19.700000000;      4.346736e+01;     -8.054094e+01;      8.000000e-01
  20 Jun 2018 16:00:19.800000000;      4.346735e+01;     -8.054092e+01;      8.000000e-01
  20 Jun 2018 16:00:19.900000000;      4.346735e+01;     -8.054090e+01;      8.000000e-01
  20 Jun 2018 16:00:20.000000000;      4.346735e+01;     -8.054088e+01;      8.000000e-01
  20 Jun 2018 16:00:20.100000000;      4.346735e+01;     -8.054086e+01;      8.000000e-01
  20 Jun 2018 16:00:20.200000000;      4.346734e+01;     -8.054083e+01;      8.000000e-01
  20 Jun 2018 16:00:20.300000000;      4.346734e+01;     -8.054081e+01;      8.000000e-01
  20 Jun 2018 16:00:20.400000000;      4.346734e+01;     -8.054079e+01;      8.000000e-01
  20 Jun 2018 16:00:20.500000000;      4.346734e+01;     -8.054077e+01;      8.000000e-01
  20 Jun 2018 16:00:20.600000000;      4.346734e+01;     -8.054074e+01;      8.000000e-01
  20 Jun 2018 16:00:20.700000000;      4.346734e+01;     -8.054072e+01;      8.000000e-01
  20 Jun 2018 16:00:20.800000000;      4.346734e+01;     -8.054070e+01;      8.000000e-01
  20 Jun 2018 16:00:20.900000000;      4.346733e+01;     -8.054068e+01;      8.000000e-01
  20 Jun 2018 16:00:21.000000000;      4.346733e+01;     -8.054066e+01;      8.000000e-01
  20 Jun 2018 16:00:21.100000000;      4.346733e+01;     -8.054063e+01;      8.000000e-01
  20 Jun 2018 16:00:21.200000000;      4.346733e+01;     -8.054061e+01;      8.000000e-01
  20 Jun 2018 16:00:21.300000000;      4.346733e+01;     -8.054059e+01;      8.000000e-01
  20 Jun 2018 16:00:21.400000000;      4.346733e+01;     -8.054057e+01;      8.000000e-01
  20 Jun 2018 16:00:21.500000000;      4.346733e+01;     -8.054054e+01;      8.000000e-01
  20 Jun 2018 16:00:21.600000000;      4.346733e+01;     -8.054052e+01;      8.000000e-01
  20 Jun 2018 16:00:21.700000000;      4.346733e+01;     -8.054050e+01;      8.000000e-01
  20 Jun 2018 16:00:21.800000000;      4.346733e+01;     -8.054048e+01;      8.000000e-01
  20 Jun 2018 16:00:21.900000000;      4.346733e+01;     -8.054046e+01;      8.000000e-01
  20 Jun 2018 16:00:22.000000000;      4.346733e+01;     -8.054043e+01;      8.000000e-01
  20 Jun 2018 16:00:22.100000000;      4.346733e+01;     -8.054041e+01;      8.000000e-01
  20 Jun 2018 16:00:22.200000000;      4.346733e+01;     -8.054039e+01;      8.000000e-01
  20 Jun 2018 16:00:22.300000000;      4.346734e+01;     -8.054037e+01;      8.000000e-01
  20 Jun 2018 16:00:22.400000000;      4.346734e+01;     -8.054034e+01;      8.000000e-01
  20 Jun 2018 16:00:22.500000000;      4.346734e+01;     -8.054032e+01;      8.000000e-01
  20 Jun 2018 16:00:22.600000000;      4.346734e+01;     -8.054030e+01;      8.000000e-01
  20 Jun 2018 16:00:22.700000000;      4.346734e+01;     -8.054028e+01;      8.000000e-01
  20 Jun 2018 16:00:22.800000000;      4.346734e+01;     -8.054026e+01;      8.000000e-01
  20 Jun 2018 16:00:22.900000000;      4.346735e+01;     -8.054023e+01;      8.000000e-01
  20 Jun 2018 16:00:23.000000000;      4.346735e+01;     -8.054021e+01;      8.000000e-01
  20 Jun 2018 16:00:23.100000000;      4.346735e+01;     -8.054019e+01;      8.000000e-01
  20 Jun 2018 16:00:23.200000000;      4.346735e+01;     -8.054017e+01;      8.000000e-01
  20 Jun 2018 16:00:23.300000000;      4.346735e+01;     -8.054015e+01;      8.000000e-01
  20 Jun 2018 16:00:23.400000000;      4.346735e+01;     -8.054012e+01;      8.000000e-01
  20 Jun 2018 16:00:23.500000000;      4.346736e+01;     -8.054010e+01;      8.000000e-01
  20 Jun 2018 16:00:23.600000000;      4.346736e+01;     -8.054008e+01;      8.000000e-01
  20 Jun 2018 16:00:23.700000000;      4.346736e+01;     -8.054006e+01;      8.000000e-01
  20 Jun 2018 16:00:23.800000000;      4.346736e+01;     -8.054003e+01;      8.000000e-01
  20 Jun 2018 16:00:23.900000000;      4.346736e+01;     -8.054001e+01;      8.000000e-01
  20 Jun 2018 16:00:24.000000000;      4.346737e+01;     -8.053999e+01;      8.000000e-01
  20 Jun 2018 16:00:24.100000000;      4.346737e+01;     -8.053997e+01;      8.000000e-01
  20 Jun 2018 16:00:24.200000000;      4.346737e+01;     -8.053995e+01;      8.000000e-01
  20 Jun 2018 16:00:24.300000000;      4.346737e+01;     -8.053992e+01;      8.000000e-01
  20 Jun 2018 16:00:24.400000000;      4.346737e+01;     -8.053990e+01;      8.000000e-01
  20 Jun 2018 16:00:24.500000000;      4.346738e+01;     -8.053988e+01;      8.000000e-01
  20 Jun 2018 16:00:24.600000000;      4.346738e+01;     -8.053986e+01;      8.000000e-01
  20 Jun 2018 16:00:24.700000000;      4.346738e+01;     -8.053984e+01;      8.000000e-01
  20 Jun 2018 16:00:24.800000000;      4.346738e+01;     -8.053981e+01;      8.000000e-01
  20 Jun 2018 16:00:24.900000000;      4.346738e+01;     -8.053979e+01;      8.000000e-01
  20 Jun 2018 16:00:25.000000000;      4.346738e+01;     -8.053977e+01;      8.000000e-01
  20 Jun 2018 16:00:25.100000000;      4.346739e+01;     -8.053975e+01;      8.000000e-01
  20 Jun 2018 16:00:25.200000000;      4.346739e+01;     -8.053973e+01;      8.000000e-01
  20 Jun 2018 16:00:25.300000000;      4.346739e+01;     -8.053970e+01;      8.000000e-01
  20 Jun 2018 16:00:25.400000000;      4.346739e+01;     -8.053968e+01;      8.000000e-01
  20 Jun 2018 16:00:25.500000000;      4.346739e+01;     -8.053966e+01;      8.000000e-01
  20 Jun 2018 16:00:25.600000000;      4.346740e+01;     -8.053964e+01;      8.000000e-01
  20 Jun 2018 16:00:25.700000000;      4.346740e+01;     -8.053962e+01;      8.000000e-01
  20 Jun 2018 16:00:25.800000000;      4.346740e+01;     -8.053959e+01;      8.000000e-01
  20 Jun 2018 16:00:25.900000000;      4.346740e+01;     -8.053957e+01;      8.000000e-01
  20 Jun 2018 16:00:26.000000000;      4.346741e+01;     -8.053955e+01;      8.000000e-01
  20 Jun 2018 16:00:26.100000000;      4.346741e+01;     -8.053953e+01;      8.000000e-01
  20 Jun 2018 16:00:26.200000000;      4.346741e+01;     -8.053951e+01;      8.000000e-01
  20 Jun 2018 16:00:26.300000000;      4.346742e+01;     -8.053948e+01;      8.000000e-01
  20 Jun 2018 16:00:26.400000000;      4.346742e+01;     -8.053946e+01;      8.000000e-01
  20 Jun 2018 16:00:26.500000000;      4.346742e+01;     -8.053944e+01;      8.000000e-01
  20 Jun 2018 16:00:26.600000000;      4.346743e+01;     -8.053942e+01;      8.000000e-01
  20 Jun 2018 16:00:26.700000000;      4.346743e+01;     -8.053940e+01;      8.000000e-01
  20 Jun 2018 16:00:26.800000000;      4.346744e+01;     -8.053938e+01;      8.000000e-01
  20 Jun 2018 16:00:26.900000000;      4.346744e+01;     -8.053935e+01;      8.000000e-01
  20 Jun 2018 16:00:27.000000000;      4.346744e+01;     -8.053933e+01;      8.000000e-01
  20 Jun 2018 16:00:27.100000000;      4.346745e+01;     -8.053931e+01;      8.000000e-01
  20 Jun 2018 16:00:27.200000000;      4.346745e+01;     -8.053929e+01;      8.000000e-01
  20 Jun 2018 16:00:27.300000000;      4.346746e+01;     -8.053927e+01;      8.000000e-01
  20 Jun 2018 16:00:27.400000000;      4.346746e+01;     -8.053925e+01;      8.000000e-01
  20 Jun 2018 16:00:27.500000000;      4.346747e+01;     -8.053923e+01;      8.000000e-01
  20 Jun 2018 16:00:27.600000000;      4.346747e+01;     -8.053921e+01;      8.000000e-01
  20 Jun 2018 16:00:27.700000000;      4.346748e+01;     -8.053918e+01;      8.000000e-01
  20 Jun 2018 16:00:27.800000000;      4.346748e+01;     -8.053916e+01;      8.000000e-01
  20 Jun 2018 16:00:27.900000000;      4.346749e+01;     -8.053914e+01;      8.000000e-01
  20 Jun 2018 16:00:28.000000000;      4.346750e+01;     -8.053912e+01;      8.000000e-01
  20 Jun 2018 16:00:28.100000000;      4.346750e+01;     -8.053910e+01;      8.000000e-01
  20 Jun 2018 16:00:28.200000000;      4.346751e+01;     -8.053908e+01;      8.000000e-01
  20 Jun 2018 16:00:28.300000000;      4.346751e+01;     -8.053906e+01;      8.000000e-01
  20 Jun 2018 16:00:28.400000000;      4.346752e+01;     -8.053904e+01;      8.000000e-01
  20 Jun 2018 16:00:28.500000000;      4.346753e+01;     -8.053902e+01;      8.000000e-01
  20 Jun 2018 16:00:28.600000000;      4.346753e+01;     -8.053900e+01;      8.000000e-01
  20 Jun 2018 16:00:28.700000000;      4.346754e+01;     -8.053898e+01;      8.000000e-01
  20 Jun 2018 16:00:28.800000000;      4.346755e+01;     -8.053896e+01;      8.000000e-01
  20 Jun 2018 16:00:28.900000000;      4.346755e+01;     -8.053894e+01;      8.000000e-01
  20 Jun 2018 16:00:29.000000000;      4.346756e+01;     -8.053892e+01;      8.000000e-01
  20 Jun 2018 16:00:29.100000000;      4.346757e+01;     -8.053890e+01;      8.000000e-01
  20 Jun 2018 16:00:29.200000000;      4.346758e+01;     -8.053888e+01;      8.000000e-01
  20 Jun 2018 16:00:29.300000000;      4.346758e+01;     -8.053886e+01;      8.000000e-01
  20 Jun 2018 16:00:29.400000000;      4.346759e+01;     -8.053884e+01;      8.000000e-01
  20 Jun 2018 16:00:29.500000000;      4.346760e+01;     -8.053882e+01;      8.000000e-01
  20 Jun 2018 16:00:29.600000000;      4.346761e+01;     -8.053880e+01;      8.000000e-01
  20 Jun 2018 16:00:29.700000000;      4.346761e+01;     -8.053878e+01;      8.000000e-01
  20 Jun 2018 16:00:29.800000000;      4.346762e+01;     -8.053876e+01;      8.000000e-01
  20 Jun 2018 16:00:29.900000000;      4.346763e+01;     -8.053874e+01;      8.000000e-01
  20 Jun 2018 16:00:30.000000000;      4.346764e+01;     -8.053872e+01;      8.000000e-01
  20 Jun 2018 16:00:30.100000000;      4.346765e+01;     -8.053870e+01;      8.000000e-01
  20 Jun 2018 16:00:30.200000000;      4.346766e+01;     -8.053869e+01;      8.000000e-01
  20 Jun 2018 16:00:30.300000000;      4.346766e+01;     -8.053867e+01;      8.000000e-01
  20 Jun 2018 16:00:30.400000000;      4.346767e+01;     -8.053865e+01;      8.000000e-01
  20 Jun 2018 16:00:30.500000000;      4.346768e+01;     -8.053863e+01;      8.000000e-01
  20 Jun 2018 16:00:30.600000000;      4.346769e+01;     -8.053861e+01;      8.000000e-01
  20 Jun 2018 16:00:30.700000000;      4.346770e+01;     -8.053859e+01;      8.000000e-01
  20 Jun 2018 16:00:30.800000000;      4.346771e+01;     -8.053857e+01;      8.000000e-01
  20 Jun 2018 16:00:30.900000000;      4.346772e+01;     -8.053856e+01;      8.000000e-01
  20 Jun 2018 16:00:31.000000000;      4.346773e+01;     -8.053854e+01;      8.000000e-01
  20 Jun 2018 16:00:31.100000000;      4.346774e+01;     -8.053852e+01;      8.000000e-01
  20 Jun 2018 16:00:31.200000000;      4.346775e+01;     -8.053850e+01;      8.000000e-01
  20 Jun 2018 16:00:31.300000000;      4.346776e+01;     -8.053849e+01;      8.000000e-01
  20 Jun 2018 16:00:31.400000000;      4.346777e+01;     -8.053847e+01;      8.000000e-01
  20 Jun 2018 16:00:31.500000000;      4.346778e+01;     -8.053845e+01;      8.000000e-01
  20 Jun 2018 16:00:31.600000000;      4.346779e+01;     -8.053843e+01;      8.000000e-01
  20 Jun 2018 16:00:31.700000000;      4.346780e+01;     -8.053842e+01;      8.000000e-01
  20 Jun 2018 16:00:31.800000000;      4.346781e+01;     -8.053840e+01;      8.000000e-01
  20 Jun 2018 16:00:31.900000000;      4.346782e+01;     -8.053838e+01;      8.000000e-01
  20 Jun 2018 16:00:32.000000000;      4.346783e+01;     -8.053836e+01;      8.000000e-01
  20 Jun 2018 16:00:32.100000000;      4.346784e+01;     -8.053835e+01;      8.000000e-01
  20 Jun 2018 16:00:32.200000000;      4.346785e+01;     -8.053833e+01;      8.000000e-01
  20 Jun 2018 16:00:32.300000000;      4.346786e+01;     -8.053831e+01;      8.000000e-01
  20 Jun 2018 16:00:32.400000000;      4.346787e+01;     -8.053830e+01;      8.000000e-01
  20 Jun 2018 16:00:32.500000000;      4.346788e+01;     -8.053828e+01;      8.000000e-01
  20 Jun 2018 16:00:32.600000000;      4.346789e+01;     -8.053826e+01;      8.000000e-01
  20 Jun 2018 16:00:32.700000000;      4.346790e+01;     -8.053824e+01;      8.000000e-01
  20 Jun 2018 16:00:32.800000000;      4.346791e+01;     -8.053823e+01;      8.000000e-01
  20 Jun 2018 16:00:32.900000000;      4.346792e+01;     -8.053821e+01;      8.000000e-01
  20 Jun 2018 16:00:33.000000000;      4.346793e+01;     -8.053819e+01;      8.000000e-01
  20 Jun 2018 16:00:33.100000000;      4.346794e+01;     -8.053817e+01;      8.000000e-01
  20 Jun 2018 16:00:33.200000000;      4.346795e+01;     -8.053816e+01;      8.000000e-01
  20 Jun 2018 16:00:33.300000000;      4.346796e+01;     -8.053814e+01;      8.000000e-01
  20 Jun 2018 16:00:33.400000000;      4.346797e+01;     -8.053812e+01;      8.000000e-01
  20 Jun 2018 16:00:33.500000000;      4.346798e+01;     -8.053811e+01;      8.000000e-01
  20 Jun 2018 16:00:33.600000000;      4.346799e+01;     -8.053809e+01;      8.000000e-01
  20 Jun 2018 16:00:33.700000000;      4.346800e+01;     -8.053807e+01;      8.000000e-01
  20 Jun 2018 16:00:33.800000000;      4.346801e+01;     -8.053805e+01;      8.000000e-01
  20 Jun 2018 16:00:33.900000000;      4.346802e+01;     -8.053804e+01;      8.000000e-01
  20 Jun 2018 16:00:34.000000000;      4.346803e+01;     -8.053802e+01;      8.000000e-01
  20 Jun 2018 16:00:34.100000000;      4.346804e+01;     -8.053800e+01;      8.000000e-01
  20 Jun 2018 16:00:34.200000000;      4.346805e+01;     -8.053798e+01;      8.000000e-01
  20 Jun 2018 16:00:34.300000000;      4.346806e+01;     -8.053797e+01;      8.000000e-01
  20 Jun 2018 16:00:34.400000000;      4.346807e+01;     -8.053795e+01;      8.000000e-01
  20 Jun 2018 16:00:34.500000000;      4.346808e+01;     -8.053793e+01;      8.000000e-01
  20 Jun 2018 16:00:34.600000000;      4.346810e+01;     -8.053791e+01;      8.000000e-01
  20 Jun 2018 16:00:34.700000000;      4.346811e+01;     -8.053790e+01;      8.000000e-01
  20 Jun 2018 16:00:34.800000000;      4.346812e+01;     -8.053788e+01;      8.000000e-01
  20 Jun 2018 16:00:34.900000000;      4.346813e+01;     -8.053786e+01;      8.000000e-01
  20 Jun 2018 16:00:35.000000000;      4.346814e+01;     -8.053785e+01;      8.000000e-01
  20 Jun 2018 16:00:35.100000000;      4.346815e+01;     -8.053783e+01;      8.000000e-01
  20 Jun 2018 16:00:35.200000000;      4.346816e+01;     -8.053781e+01;      8.000000e-01
  20 Jun 2018 16:00:35.300000000;      4.346817e+01;     -8.053779e+01;      8.000000e-01
  20 Jun 2018 16:00:35.400000000;      4.346818e+01;     -8.053778e+01;      8.000000e-01
  20 Jun 2018 16:00:35.500000000;      4.346819e+01;     -8.053776e+01;      8.000000e-01
  20 Jun 2018 16:00:35.600000000;      4.346820e+01;     -8.053774e+01;      8.000000e-01
  20 Jun 2018 16:00:35.700000000;      4.346821e+01;     -8.053773e+01;      8.000000e-01
  20 Jun 2018 16:00:35.800000000;      4.346822e+01;     -8.053771e+01;      8.000000e-01
  20 Jun 2018 16:00:35.900000000;      4.346823e+01;     -8.053769e+01;      8.000000e-01
  20 Jun 2018 16:00:36.000000000;      4.346824e+01;     -8.053767e+01;      8.000000e-01
  20 Jun 2018 16:00:36.100000000;      4.346825e+01;     -8.053766e+01;      8.000000e-01
  20 Jun 2018 16:00:36.200000000;      4.346826e+01;     -8.053764e+01;      8.000000e-01
  20 Jun 2018 16:00:36.300000000;      4.346827e+01;     -8.053763e+01;      8.000000e-01
  20 Jun 2018 16:00:36.400000000;      4.346828e+01;     -8.053761e+01;      8.000000e-01
  20 Jun 2018 16:00:36.500000000;      4.346830e+01;     -8.053759e+01;      8.000000e-01
  20 Jun 2018 16:00:36.600000000;      4.346831e+01;     -8.053758e+01;      8.000000e-01
  20 Jun 2018 16:00:36.700000000;      4.346832e+01;     -8.053756e+01;      8.000000e-01
  20 Jun 2018 16:00:36.800000000;      4.346833e+01;     -8.053755e+01;      8.000000e-01
  20 Jun 2018 16:00:36.900000000;      4.346834e+01;     -8.053753e+01;      8.000000e-01
  20 Jun 2018 16:00:37.000000000;      4.346835e+01;     -8.053752e+01;      8.000000e-01
  20 Jun 2018 16:00:37.100000000;      4.346837e+01;     -8.053750e+01;      8.000000e-01
  20 Jun 2018 16:00:37.200000000;      4.346838e+01;     -8.053749e+01;      8.000000e-01
  20 Jun 2018 16:00:37.300000000;      4.346839e+01;     -8.053747e+01;      8.000000e-01
  20 Jun 2018 16:00:37.400000000;      4.346840e+01;     -8.053746e+01;      8.000000e-01
  20 Jun 2018 16:00:37.500000000;      4.346841e+01;     -8.053744e+01;      8.000000e-01
  20 Jun 2018 16:00:37.600000000;      4.346843e+01;     -8.053743e+01;      8.000000e-01
  20 Jun 2018 16:00:37.700000000;      4.346844e+01;     -8.053741e+01;      8.000000e-01
  20 Jun 2018 16:00:37.800000000;      4.346845e+01;     -8.053740e+01;      8.000000e-01
  20 Jun 2018 16:00:37.900000000;      4.346846e+01;     -8.053739e+01;      8.000000e-01
  20 Jun 2018 16:00:38.000000000;      4.346848e+01;     -8.053737e+01;      8.000000e-01
  20 Jun 2018 16:00:38.100000000;      4.346849e+01;     -8.053736e+01;      8.000000e-01
  20 Jun 2018 16:00:38.200000000;      4.346850e+01;     -8.053735e+01;      8.000000e-01
  20 Jun 2018 16:00:38.300000000;      4.346852e+01;     -8.053733e+01;      8.000000e-01
  20 Jun 2018 16:00:38.400000000;      4.346853e+01;     -8.053732e+01;      8.000000e-01
  20 Jun 2018 16:00:38.500000000;      4.346854e+01;     -8.053731e+01;      8.000000e-01
  20 Jun 2018 16:00:38.600000000;      4.346856e+01;     -8.053729e+01;      8.000000e-01
  20 Jun 2018 16:00:38.700000000;      4.346857e+01;     -8.053728e+01;      8.000000e-01
  20 Jun 2018 16:00:38.800000000;      4.346858e+01;     -8.053727e+01;      8.000000e-01
  20 Jun 2018 16:00:38.900000000;      4.346860e+01;     -8.053726e+01;      8.000000e-01
  20 Jun 2018 16:00:39.000000000;      4.346861e+01;     -8.053724e+01;      8.000000e-01
  20 Jun 2018 16:00:39.100000000;      4.346862e+01;     -8.053723e+01;      8.000000e-01
  20 Jun 2018 16:00:39.200000000;      4.346864e+01;     -8.053722e+01;      8.000000e-01
  20 Jun 2018 16:00:39.300000000;      4.346865e+01;     -8.053721e+01;      8.000000e-01
  20 Jun 2018 16:00:39.400000000;      4.346866e+01;     -8.053720e+01;      8.000000e-01
  20 Jun 2018 16:00:39.500000000;      4.346868e+01;     -8.053719e+01;      8.000000e-01
  20 Jun 2018 16:00:39.600000000;      4.346869e+01;     -8.053718e+01;      8.000000e-01
  20 Jun 2018 16:00:39.700000000;      4.346871e+01;     -8.053716e+01;      8.000000e-01
  20 Jun 2018 16:00:39.800000000;      4.346872e+01;     -8.053715e+01;      8.000000e-01
  20 Jun 2018 16:00:39.900000000;      4.346874e+01;     -8.053714e+01;      8.000000e-01
  20 Jun 2018 16:00:40.000000000;      4.346875e+01;     -8.053713e+01;      8.000000e-01
  20 Jun 2018 16:00:40.100000000;      4.346876e+01;     -8.053712e+01;      8.000000e-01
  20 Jun 2018 16:00:40.200000000;      4.346878e+01;     -8.053711e+01;      8.000000e-01
  20 Jun 2018 16:00:40.300000000;      4.346879e+01;     -8.053710e+01;      8.000000e-01
  20 Jun 2018 16:00:40.400000000;      4.346881e+01;     -8.053709e+01;      8.000000e-01
  20 Jun 2018 16:00:40.500000000;      4.346882e+01;     -8.053708e+01;      8.000000e-01
  20 Jun 2018 16:00:40.600000000;      4.346884e+01;     -8.053708e+01;      8.000000e-01
  20 Jun 2018 16:00:40.700000000;      4.346885e+01;     -8.053707e+01;      8.000000e-01
  20 Jun 2018 16:00:40.800000000;      4.346887e+01;     -8.053706e+01;      8.000000e-01
  20 Jun 2018 16:00:40.900000000;      4.346888e+01;     -8.053705e+01;      8.000000e-01
  20 Jun 2018 16:00:41.000000000;      4.346890e+01;     -8.053704e+01;      8.000000e-01
  20 Jun 2018 16:00:41.100000000;      4.346891e+01;     -8.053703e+01;      8.000000e-01
  20 Jun 2018 16:00:41.200000000;      4.346893e+01;     -8.053702e+01;      8.000000e-01
  20 Jun 2018 16:00:41.300000000;      4.346894e+01;     -8.053701e+01;      8.000000e-01
  20 Jun 2018 16:00:41.400000000;      4.346896e+01;     -8.053700e+01;      8.000000e-01
  20 Jun 2018 16:00:41.500000000;      4.346897e+01;     -8.053699e+01;      8.000000e-01
  20 Jun 2018 16:00:41.600000000;      4.346899e+01;     -8.053699e+01;      8.000000e-01
  20 Jun 2018 16:00:41.700000000;      4.346900e+01;     -8.053698e+01;      8.000000e-01
  20 Jun 2018 16:00:41.800000000;      4.346902e+01;     -8.053697e+01;      8.000000e-01
  20 Jun 2018 16:00:41.900000000;      4.346903e+01;     -8.053696e+01;      8.000000e-01
  20 Jun 2018 16:00:42.000000000;      4.346904e+01;     -8.053695e+01;      8.000000e-01
  20 Jun 2018 16:00:42.100000000;      4.346906e+01;     -8.053694e+01;      8.000000e-01
  20 Jun 2018 16:00:42.200000000;      4.346907e+01;     -8.053693e+01;      8.000000e-01
  20 Jun 2018 16:00:42.300000000;      4.346909e+01;     -8.053692e+01;      8.000000e-01
  20 Jun 2018 16:00:42.400000000;      4.346910e+01;     -8.053691e+01;      8.000000e-01
  20 Jun 2018 16:00:42.500000000;      4.346912e+01;     -8.053691e+01;      8.000000e-01
  20 Jun 2018 16:00:42.600000000;      4.346913e+01;     -8.053690e+01;      8.000000e-01
  20 Jun 2018 16:00:42.700000000;      4.346915e+01;     -8.053689e+01;      8.000000e-01
  20 Jun 2018 16:00:42.800000000;      4.346916e+01;     -8.053688e+01;      8.000000e-01
  20 Jun 2018 16:00:42.900000000;      4.346918e+01;     -8.053687e+01;      8.000000e-01
  20 Jun 2018 16:00:43.000000000;      4.346919e+01;     -8.053686e+01;      8.000000e-01
  20 Jun 2018 16:00:43.100000000;      4.346921e+01;     -8.053685e+01;      8.000000e-01
  20 Jun 2018 16:00:43.200000000;      4.346922e+01;     -8.053684e+01;      8.000000e-01
  20 Jun 2018 16:00:43.300000000;      4.346924e+01;     -8.053683e+01;      8.000000e-01
  20 Jun 2018 16:00:43.400000000;      4.346925e+01;     -8.053682e+01;      8.000000e-01
  20 Jun 2018 16:00:43.500000000;      4.346927e+01;     -8.053682e+01;      8.000000e-01
  20 Jun 2018 16:00:43.600000000;      4.346928e+01;     -8.053681e+01;      8.000000e-01
  20 Jun 2018 16:00:43.700000000;      4.346930e+01;     -8.053680e+01;      8.000000e-01
  20 Jun 2018 16:00:43.800000000;      4.346931e+01;     -8.053679e+01;      8.000000e-01
  20 Jun 2018 16:00:43.900000000;      4.346933e+01;     -8.053678e+01;      8.000000e-01
  20 Jun 2018 16:00:44.000000000;      4.346934e+01;     -8.053677e+01;      8.000000e-01
  20 Jun 2018 16:00:44.100000000;      4.346936e+01;     -8.053676e+01;      8.000000e-01
  20 Jun 2018 16:00:44.200000000;      4.346937e+01;     -8.053675e+01;      8.000000e-01
  20 Jun 2018 16:00:44.300000000;      4.346939e+01;     -8.053675e+01;      8.000000e-01
  20 Jun 2018 16:00:44.400000000;      4.346940e+01;     -8.053674e+01;      8.000000e-01
  20 Jun 2018 16:00:44.500000000;      4.346942e+01;     -8.053673e+01;      8.000000e-01
  20 Jun 2018 16:00:44.600000000;      4.346943e+01;     -8.053672e+01;      8.000000e-01
  20 Jun 2018 16:00:44.700000000;      4.346945e+01;     -8.053671e+01;      8.000000e-01
  20 Jun 2018 16:00:44.800000000;      4.346946e+01;     -8.053671e+01;      8.000000e-01
  20 Jun 2018 16:00:44.900000000;      4.346948e+01;     -8.053670e+01;      8.000000e-01
  20 Jun 2018 16:00:45.000000000;      4.346949e+01;     -8.053669e+01;      8.000000e-01
  20 Jun 2018 16:00:45.100000000;      4.346951e+01;     -8.053669e+01;      8.000000e-01
  20 Jun 2018 16:00:45.200000000;      4.346952e+01;     -8.053668e+01;      8.000000e-01
  20 Jun 2018 16:00:45.300000000;      4.346954e+01;     -8.053667e+01;      8.000000e-01
  20 Jun 2018 16:00:45.400000000;      4.346956e+01;     -8.053667e+01;      8.000000e-01
  20 Jun 2018 16:00:45.500000000;      4.346957e+01;     -8.053666e+01;      8.000000e-01
  20 Jun 2018 16:00:45.600000000;      4.346959e+01;     -8.053666e+01;      8.000000e-01
  20 Jun 2018 16:00:45.700000000;      4.346960e+01;     -8.053665e+01;      8.000000e-01
  20 Jun 2018 16:00:45.800000000;      4.346962e+01;     -8.053664e+01;      8.000000e-01
  20 Jun 2018 16:00:45.900000000;      4.346963e+01;     -8.053664e+01;      8.000000e-01
  20 Jun 2018 16:00:46.000000000;      4.346965e+01;     -8.053663e+01;      8.000000e-01
  20 Jun 2018 16:00:46.100000000;      4.346967e+01;     -8.053663e+01;      8.000000e-01
  20 Jun 2018 16:00:46.200000000;      4.346968e+01;     -8.053662e+01;      8.000000e-01
  20 Jun 2018 16:00:46.300000000;      4.346970e+01;     -8.053662e+01;      8.000000e-01
  20 Jun 2018 16:00:46.400000000;      4.346971e+01;     -8.053662e+01;      8.000000e-01
  20 Jun 2018 16:00:46.500000000;      4.346973e+01;     -8.053661e+01;      8.000000e-01
  20 Jun 2018 16:00:46.600000000;      4.346974e+01;     -8.053661e+01;      8.000000e-01
  20 Jun 2018 16:00:46.700000000;      4.346976e+01;     -8.053660e+01;      8.000000e-01
  20 Jun 2018 16:00:46.800000000;      4.346978e+01;     -8.053660e+01;      8.000000e-01
  20 Jun 2018 16:00:46.900000000;      4.346979e+01;     -8.053660e+01;      8.000000e-01
  20 Jun 2018 16:00:47.000000000;      4.346981e+01;     -8.053659e+01;      8.000000e-01
  20 Jun 2018 16:00:47.100000000;      4.346983e+01;     -8.053659e+01;      8.000000e-01
  20 Jun 2018 16:00:47.200000000;      4.346984e+01;     -8.053659e+01;      8.000000e-01
  20 Jun 2018 16:00:47.300000000;      4.346986e+01;     -8.053659e+01;      8.000000e-01
  20 Jun 2018 16:00:47.400000000;      4.346987e+01;     -8.053658e+01;      8.000000e-01
  20 Jun 2018 16:00:47.500000000;      4.346989e+01;     -8.053658e+01;      8.000000e-01
  20 Jun 2018 16:00:47.600000000;      4.346991e+01;     -8.053658e+01;      8.000000e-01
  20 Jun 2018 16:00:47.700000000;      4.346992e+01;     -8.053658e+01;      8.000000e-01
  20 Jun 2018 16:00:47.800000000;      4.346994e+01;     -8.053658e+01;      8.000000e-01
  20 Jun 2018 16:00:47.900000000;      4.346995e+01;     -8.053658e+01;      8.000000e-01
  20 Jun 2018 16:00:48.000000000;      4.346997e+01;     -8.053658e+01;      8.000000e-01
  20 Jun 2018 16:00:48.100000000;      4.346999e+01;     -8.053657e+01;      8.000000e-01
  20 Jun 2018 16:00:48.200000000;      4.347000e+01;     -8.053657e+01;      8.000000e-01
  20 Jun 2018 16:00:48.300000000;      4.347002e+01;     -8.053657e+01;      8.000000e-01
  20 Jun 2018 16:00:48.400000000;      4.347004e+01;     -8.053657e+01;      8.000000e-01
  20 Jun 2018 16:00:48.500000000;      4.347005e+01;     -8.053657e+01;      8.000000e-01
  20 Jun 2018 16:00:48.600000000;      4.347007e+01;     -8.053657e+01;      8.000000e-01
  20 Jun 2018 16:00:48.700000000;      4.347008e+01;     -8.053657e+01;      8.000000e-01
  20 Jun 2018 16:00:48.800000000;      4.347010e+01;     -8.053657e+01;      8.000000e-01
  20 Jun 2018 16:00:48.900000000;      4.347012e+01;     -8.053657e+01;      8.000000e-01
  20 Jun 2018 16:00:49.000000000;      4.347013e+01;     -8.053658e+01;      8.000000e-01
  20 Jun 2018 16:00:49.100000000;      4.347015e+01;     -8.053658e+01;      8.000000e-01
  20 Jun 2018 16:00:49.200000000;      4.347016e+01;     -8.053658e+01;      8.000000e-01
  20 Jun 2018 16:00:49.300000000;      4.347018e+01;     -8.053658e+01;      8.000000e-01
  20 Jun 2018 16:00:49.400000000;      4.347020e+01;     -8.053658e+01;      8.000000e-01
  20 Jun 2018 16:00:49.500000000;      4.347021e+01;     -8.053658e+01;      8.000000e-01
  20 Jun 2018 16:00:49.600000000;      4.347023e+01;     -8.053659e+01;      8.000000e-01
  20 Jun 2018 16:00:49.700000000;      4.347025e+01;     -8.053659e+01;      8.000000e-01
  20 Jun 2018 16:00:49.800000000;      4.347026e+01;     -8.053659e+01;      8.000000e-01
  20 Jun 2018 16:00:49.900000000;      4.347028e+01;     -8.053659e+01;      8.000000e-01
  20 Jun 2018 16:00:50.000000000;      4.347029e+01;     -8.053660e+01;      8.000000e-01
  20 Jun 2018 16:00:50.100000000;      4.347031e+01;     -8.053660e+01;      8.000000e-01
  20 Jun 2018 16:00:50.200000000;      4.347033e+01;     -8.053660e+01;      8.000000e-01
  20 Jun 2018 16:00:50.300000000;      4.347034e+01;     -8.053661e+01;      8.000000e-01
  20 Jun 2018 16:00:50.400000000;      4.347036e+01;     -8.053661e+01;      8.000000e-01
  20 Jun 2018 16:00:50.500000000;      4.347037e+01;     -8.053661e+01;      8.000000e-01
  20 Jun 2018 16:00:50.600000000;      4.347039e+01;     -8.053662e+01;      8.000000e-01
  20 Jun 2018 16:00:50.700000000;      4.347041e+01;     -8.053662e+01;      8.000000e-01
  20 Jun 2018 16:00:50.800000000;      4.347042e+01;     -8.053663e+01;      8.000000e-01
  20 Jun 2018 16:00:50.900000000;      4.347044e+01;     -8.053663e+01;      8.000000e-01
  20 Jun 2018 16:00:51.000000000;      4.347045e+01;     -8.053664e+01;      8.000000e-01
  20 Jun 2018 16:00:51.100000000;      4.347047e+01;     -8.053664e+01;      8.000000e-01
  20 Jun 2018 16:00:51.200000000;      4.347048e+01;     -8.053665e+01;      8.000000e-01
  20 Jun 2018 16:00:51.300000000;      4.347050e+01;     -8.053665e+01;      8.000000e-01
  20 Jun 2018 16:00:51.400000000;      4.347052e+01;     -8.053666e+01;      8.000000e-01
  20 Jun 2018 16:00:51.500000000;      4.347053e+01;     -8.053666e+01;      8.000000e-01
  20 Jun 2018 16:00:51.600000000;      4.347055e+01;     -8.053667e+01;      8.000000e-01
  20 Jun 2018 16:00:51.700000000;      4.347056e+01;     -8.053667e+01;      8.000000e-01
  20 Jun 2018 16:00:51.800000000;      4.347058e+01;     -8.053668e+01;      8.000000e-01
  20 Jun 2018 16:00:51.900000000;      4.347059e+01;     -8.053669e+01;      8.000000e-01
  20 Jun 2018 16:00:52.000000000;      4.347061e+01;     -8.053669e+01;      8.000000e-01
  20 Jun 2018 16:00:52.100000000;      4.347063e+01;     -8.053670e+01;      8.000000e-01
  20 Jun 2018 16:00:52.200000000;      4.347064e+01;     -8.053670e+01;      8.000000e-01
  20 Jun 2018 16:00:52.300000000;      4.347066e+01;     -8.053671e+01;      8.000000e-01
  20 Jun 2018 16:00:52.400000000;      4.347067e+01;     -8.053671e+01;      8.000000e-01
  20 Jun 2018 16:00:52.500000000;      4.347069e+01;     -8.053672e+01;      8.000000e-01
  20 Jun 2018 16:00:52.600000000;      4.347070e+01;     -8.053672e+01;      8.000000e-01
  20 Jun 2018 16:00:52.700000000;      4.347072e+01;     -8.053673e+01;      8.000000e-01
  20 Jun 2018 16:00:52.800000000;      4.347074e+01;     -8.053674e+01;      8.000000e-01
  20 Jun 2018 16:00:52.900000000;      4.347075e+01;     -8.053674e+01;      8.000000e-01
  20 Jun 2018 16:00:53.000000000;      4.347077e+01;     -8.053675e+01;      8.000000e-01
  20 Jun 2018 16:00:53.100000000;      4.347078e+01;     -8.053675e+01;      8.000000e-01
  20 Jun 2018 16:00:53.200000000;      4.347080e+01;     -8.053676e+01;      8.000000e-01
  20 Jun 2018 16:00:53.300000000;      4.347081e+01;     -8.053676e+01;      8.000000e-01
  20 Jun 2018 16:00:53.400000000;      4.347083e+01;     -8.053677e+01;      8.000000e-01
  20 Jun 2018 16:00:53.500000000;      4.347085e+01;     -8.053677e+01;      8.000000e-01
  20 Jun 2018 16:00:53.600000000;      4.347086e+01;     -8.053678e+01;      8.000000e-01
  20 Jun 2018 16:00:53.700000000;      4.347088e+01;     -8.053679e+01;      8.000000e-01
  20 Jun 2018 16:00:53.800000000;      4.347089e+01;     -8.053679e+01;      8.000000e-01
  20 Jun 2018 16:00:53.900000000;      4.347091e+01;     -8.053680e+01;      8.000000e-01
  20 Jun 2018 16:00:54.000000000;      4.347092e+01;     -8.053680e+01;      8.000000e-01
  20 Jun 2018 16:00:54.100000000;      4.347094e+01;     -8.053681e+01;      8.000000e-01
  20 Jun 2018 16:00:54.200000000;      4.347096e+01;     -8.053681e+01;      8.000000e-01
  20 Jun 2018 16:00:54.300000000;      4.347097e+01;     -8.053682e+01;      8.000000e-01
  20 Jun 2018 16:00:54.400000000;      4.347099e+01;     -8.053682e+01;      8.000000e-01
  20 Jun 2018 16:00:54.500000000;      4.347100e+01;     -8.053683e+01;      8.000000e-01
  20 Jun 2018 16:00:54.600000000;      4.347102e+01;     -8.053683e+01;      8.000000e-01
  20 Jun 2018 16:00:54.700000000;      4.347103e+01;     -8.053684e+01;      8.000000e-01
  20 Jun 2018 16:00:54.800000000;      4.347105e+01;     -8.053685e+01;      8.000000e-01
  20 Jun 2018 16:00:54.900000000;      4.347107e+01;     -8.053685e+01;      8.000000e-01
  20 Jun 2018 16:00:55.000000000;      4.347108e+01;     -8.053686e+01;      8.000000e-01
  20 Jun 2018 16:00:55.100000000;      4.347110e+01;     -8.053686e+01;      8.000000e-01
  20 Jun 2018 16:00:55.200000000;      4.347111e+01;     -8.053687e+01;      8.000000e-01
  20 Jun 2018 16:00:55.300000000;      4.347113e+01;     -8.053687e+01;      8.000000e-01
  20 Jun 2018 16:00:55.400000000;      4.347114e+01;     -8.053688e+01;      8.000000e-01
  20 Jun 2018 16:00:55.500000000;      4.347116e+01;     -8.053688e+01;      8.000000e-01
  20 Jun 2018 16:00:55.600000000;      4.347118e+01;     -8.053689e+01;      8.000000e-01
  20 Jun 2018 16:00:55.700000000;      4.347119e+01;     -8.053690e+01;      8.000000e-01
  20 Jun 2018 16:00:55.800000000;      4.347121e+01;     -8.053690e+01;      8.000000e-01
  20 Jun 2018 16:00:55.900000000;      4.347122e+01;     -8.053691e+01;      8.000000e-01
  20 Jun 2018 16:00:56.000000000;      4.347124e+01;     -8.053691e+01;      8.000000e-01
  20 Jun 2018 16:00:56.100000000;      4.347125e+01;     -8.053692e+01;      8.000000e-01
  20 Jun 2018 16:00:56.200000000;      4.347127e+01;     -8.053692e+01;      8.000000e-01
  20 Jun 2018 16:00:56.300000000;      4.347128e+01;     -8.053693e+01;      8.000000e-01
  20 Jun 2018 16:00:56.400000000;      4.347130e+01;     -8.053694e+01;      8.000000e-01
  20 Jun 2018 16:00:56.500000000;      4.347132e+01;     -8.053694e+01;      8.000000e-01
  20 Jun 2018 16:00:56.600000000;      4.347133e+01;     -8.053695e+01;      8.000000e-01
  20 Jun 2018 16:00:56.700000000;      4.347135e+01;     -8.053695e+01;      8.000000e-01
  20 Jun 2018 16:00:56.800000000;      4.347136e+01;     -8.053696e+01;      8.000000e-01
  20 Jun 2018 16:00:56.900000000;      4.347138e+01;     -8.053697e+01;      8.000000e-01
  20 Jun 2018 16:00:57.000000000;      4.347139e+01;     -8.053697e+01;      8.000000e-01
  20 Jun 2018 16:00:57.100000000;      4.347141e+01;     -8.053698e+01;      8.000000e-01
  20 Jun 2018 16:00:57.200000000;      4.347142e+01;     -8.053699e+01;      8.000000e-01
  20 Jun 2018 16:00:57.300000000;      4.347144e+01;     -8.053700e+01;      8.000000e-01
  20 Jun 2018 16:00:57.400000000;      4.347145e+01;     -8.053700e+01;      8.000000e-01
  20 Jun 2018 16:00:57.500000000;      4.347147e+01;     -8.053701e+01;      8.000000e-01
  20 Jun 2018 16:00:57.600000000;      4.347148e+01;     -8.053702e+01;      8.000000e-01
  20 Jun 2018 16:00:57.700000000;      4.347150e+01;     -8.053703e+01;      8.000000e-01
  20 Jun 2018 16:00:57.800000000;      4.347151e+01;     -8.053704e+01;      8.000000e-01
  20 Jun 2018 16:00:57.900000000;      4.347153e+01;     -8.053705e+01;      8.000000e-01
  20 Jun 2018 16:00:58.000000000;      4.347154e+01;     -8.053706e+01;      8.000000e-01
  20 Jun 2018 16:00:58.100000000;      4.347156e+01;     -8.053706e+01;      8.000000e-01
  20 Jun 2018 16:00:58.200000000;      4.347157e+01;     -8.053707e+01;      8.000000e-01
  20 Jun 2018 16:00:58.300000000;      4.347159e+01;     -8.053708e+01;      8.000000e-01
  20 Jun 2018 16:00:58.400000000;      4.347160e+01;     -8.053709e+01;      8.000000e-01
  20 Jun 2018 16:00:58.500000000;      4.347162e+01;     -8.053710e+01;      8.000000e-01
  20 Jun 2018 16:00:58.600000000;      4.347163e+01;     -8.053711e+01;      8.000000e-01
  20 Jun 2018 16:00:58.700000000;      4.347165e+01;     -8.053712e+01;      8.000000e-01
  20 Jun 2018 16:00:58.800000000;      4.347166e+01;     -8.053713e+01;      8.000000e-01
  20 Jun 2018 16:00:58.900000000;      4.347168e+01;     -8.053714e+01;      8.000000e-01
  20 Jun 2018 16:00:59.000000000;      4.347169e+01;     -8.053715e+01;      8.000000e-01
  20 Jun 2018 16:00:59.100000000;      4.347170e+01;     -8.053716e+01;      8.000000e-01
  20 Jun 2018 16:00:59.200000000;      4.347172e+01;     -8.053718e+01;      8.000000e-01
  20 Jun 2018 16:00:59.300000000;      4.347173e+01;     -8.053719e+01;      8.000000e-01
  20 Jun 2018 16:00:59.400000000;      4.347175e+01;     -8.053720e+01;      8.000000e-01
  20 Jun 2018 16:00:59.500000000;      4.347176e+01;     -8.053721e+01;      8.000000e-01
  20 Jun 2018 16:00:59.600000000;      4.347177e+01;     -8.053722e+01;      8.000000e-01
  20 Jun 2018 16:00:59.700000000;      4.347179e+01;     -8.053723e+01;      8.000000e-01
  20 Jun 2018 16:00:59.800000000;      4.347180e+01;     -8.053725e+01;      8.000000e-01
  20 Jun 2018 16:00:59.900000000;      4.347181e+01;     -8.053726e+01;      8.000000e-01
  20 Jun 2018 16:01:00.000000000;      4.347183e+01;     -8.053727e+01;      8.000000e-01
  20 Jun 2018 16:01:00.100000000;      4.347184e+01;     -8.053728e+01;      8.000000e-01
  20 Jun 2018 16:01:00.200000000;      4.347185e+01;     -8.053730e+01;      8.000000e-01
  20 Jun 2018 16:01:00.300000000;      4.347187e+01;     -8.053731e+01;      8.000000e-01
  20 Jun 2018 16:01:00.400000000;      4.347188e+01;     -8.053732e+01;      8.000000e-01
  20 Jun 2018 16:01:00.500000000;      4.347189e+01;     -8.053734e+01;      8.000000e-01
  20 Jun 2018 16:01:00.600000000;      4.347191e+01;     -8.053735e+01;      8.000000e-01
  20 Jun 2018 16:01:00.700000000;      4.347192e+01;     -8.053736e+01;      8.000000e-01
  20 Jun 2018 16:01:00.800000000;      4.347193e+01;     -8.053738e+01;      8.000000e-01
  20 Jun 2018 16:01:00.900000000;      4.347194e+01;     -8.053739e+01;      8.000000e-01
  20 Jun 2018 16:01:01.000000000;      4.347196e+01;     -8.053740e+01;      8.000000e-01
  20 Jun 2018 16:01:01.100000000;      4.347197e+01;     -8.053742e+01;      8.000000e-01
  20 Jun 2018 16:01:01.200000000;      4.347198e+01;     -8.053743e+01;      8.000000e-01
  20 Jun 2018 16:01:01.300000000;      4.347199e+01;     -8.053745e+01;      8.000000e-01
  20 Jun 2018 16:01:01.400000000;      4.347201e+01;     -8.053746e+01;      8.000000e-01
  20 Jun 2018 16:01:01.500000000;      4.347202e+01;     -8.053748e+01;      8.000000e-01
  20 Jun 2018 16:01:01.600000000;      4.347203e+01;     -8.053749e+01;      8.000000e-01
  20 Jun 2018 16:01:01.700000000;      4.347204e+01;     -8.053751e+01;      8.000000e-01
  20 Jun 2018 16:01:01.800000000;      4.347206e+01;     -8.053752e+01;      8.000000e-01
  20 Jun 2018 16:01:01.900000000;      4.347207e+01;     -8.053753e+01;      8.000000e-01
  20 Jun 2018 16:01:02.000000000;      4.347208e+01;     -8.053755e+01;      8.000000e-01
  20 Jun 2018 16:01:02.100000000;      4.347209e+01;     -8.053756e+01;      8.000000e-01
  20 Jun 2018 16:01:02.200000000;      4.347210e+01;     -8.053758e+01;      8.000000e-01
  20 Jun 2018 16:01:02.300000000;      4.347212e+01;     -8.053759e+01;      8.000000e-01
  20 Jun 2018 16:01:02.400000000;      4.347213e+01;     -8.053761e+01;      8.000000e-01
  20 Jun 2018 16:01:02.500000000;      4.347214e+01;     -8.053762e+01;      8.000000e-01
  20 Jun 2018 16:01:02.600000000;      4.347215e+01;     -8.053764e+01;      8.000000e-01
  20 Jun 2018 16:01:02.700000000;      4.347216e+01;     -8.053765e+01;      8.000000e-01
  20 Jun 2018 16:01:02.800000000;      4.347218e+01;     -8.053767e+01;      8.000000e-01
  20 Jun 2018 16:01:02.900000000;      4.347219e+01;     -8.053768e+01;      8.000000e-01
  20 Jun 2018 16:01:03.000000000;      4.347220e+01;     -8.053770e+01;      8.000000e-01
  20 Jun 2018 16:01:03.100000000;      4.347221e+01;     -8.053771e+01;      8.000000e-01
  20 Jun 2018 16:01:03.200000000;      4.347223e+01;     -8.053773e+01;      8.000000e-01
  20 Jun 2018 16:01:03.300000000;      4.347224e+01;     -8.053774e+01;      8.000000e-01
  20 Jun 2018 16:01:03.400000000;      4.347225e+01;     -8.053776e+01;      8.000000e-01
  20 Jun 2018 16:01:03.500000000;      4.347226e+01;     -8.053777e+01;      8.000000e-01
  20 Jun 2018 16:01:03.600000000;      4.347227e+01;     -8.053778e+01;      8.000000e-01
  20 Jun 2018 16:01:03.700000000;      4.347229e+01;     -8.053780e+01;      8.000000e-01
  20 Jun 2018 16:01:03.800000000;      4.347230e+01;     -8.053781e+01;      8.000000e-01
  20 Jun 2018 16:01:03.900000000;      4.347231e+01;     -8.053783e+01;      8.000000e-01
  20 Jun 2018 16:01:04.000000000;      4.347232e+01;     -8.053784e+01;      8.000000e-01
  20 Jun 2018 16:01:04.100000000;      4.347234e+01;     -8.053786e+01;      8.000000e-01
  20 Jun 2018 16:01:04.200000000;      4.347235e+01;     -8.053787e+01;      8.000000e-01
  20 Jun 2018 16:01:04.300000000;      4.347236e+01;     -8.053789e+01;      8.000000e-01
  20 Jun 2018 16:01:04.400000000;      4.347237e+01;     -8.053790e+01;      8.000000e-01
  20 Jun 2018 16:01:04.500000000;      4.347238e+01;     -8.053792e+01;      8.000000e-01
  20 Jun 2018 16:01:04.600000000;      4.347240e+01;     -8.053793e+01;      8.000000e-01
  20 Jun 2018 16:01:04.700000000;      4.347241e+01;     -8.053795e+01;      8.000000e-01
  20 Jun 2018 16:01:04.800000000;      4.347242e+01;     -8.053796e+01;      8.000000e-01
  20 Jun 2018 16:01:04.900000000;      4.347243e+01;     -8.053798e+01;      8.000000e-01
  20 Jun 2018 16:01:05.000000000;      4.347244e+01;     -8.053799e+01;      8.000000e-01
  20 Jun 2018 16:01:05.100000000;      4.347246e+01;     -8.053801e+01;      8.000000e-01
  20 Jun 2018 16:01:05.200000000;      4.347247e+01;     -8.053802e+01;      8.000000e-01
  20 Jun 2018 16:01:05.300000000;      4.347248e+01;     -8.053803e+01;      8.000000e-01
  20 Jun 2018 16:01:05.400000000;      4.347249e+01;     -8.053805e+01;      8.000000e-01
  20 Jun 2018 16:01:05.500000000;      4.347251e+01;     -8.053806e+01;      8.000000e-01
  20 Jun 2018 16:01:05.600000000;      4.347252e+01;     -8.053808e+01;      8.000000e-01
  20 Jun 2018 16:01:05.700000000;      4.347253e+01;     -8.053809e+01;      8.000000e-01
  20 Jun 2018 16:01:05.800000000;      4.347254e+01;     -8.053811e+01;      8.000000e-01
  20 Jun 2018 16:01:05.900000000;      4.347255e+01;     -8.053812e+01;      8.000000e-01
  20 Jun 2018 16:01:06.000000000;      4.347257e+01;     -8.053814e+01;      8.000000e-01
  20 Jun 2018 16:01:06.100000000;      4.347258e+01;     -8.053815e+01;      8.000000e-01
  20 Jun 2018 16:01:06.200000000;      4.347259e+01;     -8.053817e+01;      8.000000e-01
  20 Jun 2018 16:01:06.300000000;      4.347260e+01;     -8.053818e+01;      8.000000e-01
  20 Jun 2018 16:01:06.400000000;      4.347261e+01;     -8.053820e+01;      8.000000e-01
  20 Jun 2018 16:01:06.500000000;      4.347262e+01;     -8.053821e+01;      8.000000e-01
  20 Jun 2018 16:01:06.600000000;      4.347264e+01;     -8.053823e+01;      8.000000e-01
  20 Jun 2018 16:01:06.700000000;      4.347265e+01;     -8.053825e+01;      8.000000e-01
  20 Jun 2018 16:01:06.800000000;      4.347266e+01;     -8.053826e+01;      8.000000e-01
  20 Jun 2018 16:01:06.900000000;      4.347267e+01;     -8.053828e+01;      8.000000e-01
  20 Jun 2018 16:01:07.000000000;      4.347268e+01;     -8.053829e+01;      8.000000e-01
  20 Jun 2018 16:01:07.100000000;      4.347269e+01;     -8.053831e+01;      8.000000e-01
  20 Jun 2018 16:01:07.200000000;      4.347270e+01;     -8.053833e+01;      8.000000e-01
  20 Jun 2018 16:01:07.300000000;      4.347271e+01;     -8.053834e+01;      8.000000e-01
  20 Jun 2018 16:01:07.400000000;      4.347272e+01;     -8.053836e+01;      8.000000e-01
  20 Jun 2018 16:01:07.500000000;      4.347273e+01;     -8.053838e+01;      8.000000e-01
  20 Jun 2018 16:01:07.600000000;      4.347274e+01;     -8.053840e+01;      8.000000e-01
  20 Jun 2018 16:01:07.700000000;      4.347276e+01;     -8.053841e+01;      8.000000e-01
  20 Jun 2018 16:01:07.800000000;      4.347277e+01;     -8.053843e+01;      8.000000e-01
  20 Jun 2018 16:01:07.900000000;      4.347278e+01;     -8.053845e+01;      8.000000e-01
  20 Jun 2018 16:01:08.000000000;      4.347279e+01;     -8.053847e+01;      8.000000e-01
  20 Jun 2018 16:01:08.100000000;      4.347279e+01;     -8.053848e+01;      8.000000e-01
  20 Jun 2018 16:01:08.200000000;      4.347280e+01;     -8.053850e+01;      8.000000e-01
  20 Jun 2018 16:01:08.300000000;      4.347281e+01;     -8.053852e+01;      8.000000e-01
  20 Jun 2018 16:01:08.400000000;      4.347282e+01;     -8.053854e+01;      8.000000e-01
  20 Jun 2018 16:01:08.500000000;      4.347283e+01;     -8.053855e+01;      8.000000e-01
  20 Jun 2018 16:01:08.600000000;      4.347284e+01;     -8.053857e+01;      8.000000e-01
  20 Jun 2018 16:01:08.700000000;      4.347285e+01;     -8.053859e+01;      8.000000e-01
  20 Jun 2018 16:01:08.800000000;      4.347286e+01;     -8.053861e+01;      8.000000e-01
  20 Jun 2018 16:01:08.900000000;      4.347287e+01;     -8.053863e+01;      8.000000e-01
  20 Jun 2018 16:01:09.000000000;      4.347288e+01;     -8.053865e+01;      8.000000e-01
  20 Jun 2018 16:01:09.100000000;      4.347289e+01;     -8.053867e+01;      8.000000e-01
  20 Jun 2018 16:01:09.200000000;      4.347289e+01;     -8.053869e+01;      8.000000e-01
  20 Jun 2018 16:01:09.300000000;      4.347290e+01;     -8.053870e+01;      8.000000e-01
  20 Jun 2018 16:01:09.400000000;      4.347291e+01;     -8.053872e+01;      8.000000e-01
  20 Jun 2018 16:01:09.500000000;      4.347292e+01;     -8.053874e+01;      8.000000e-01
  20 Jun 2018 16:01:09.600000000;      4.347293e+01;     -8.053876e+01;      8.000000e-01
  20 Jun 2018 16:01:09.700000000;      4.347294e+01;     -8.053878e+01;      8.000000e-01
  20 Jun 2018 16:01:09.800000000;      4.347294e+01;     -8.053880e+01;      8.000000e-01
  20 Jun 2018 16:01:09.900000000;      4.347295e+01;     -8.053882e+01;      8.000000e-01
  20 Jun 2018 16:01:10.000000000;      4.347296e+01;     -8.053884e+01;      8.000000e-01
  20 Jun 2018 16:01:10.100000000;      4.347297e+01;     -8.053886e+01;      8.000000e-01
  20 Jun 2018 16:01:10.200000000;      4.347297e+01;     -8.053888e+01;      8.000000e-01
  20 Jun 2018 16:01:10.300000000;      4.347298e+01;     -8.053890e+01;      8.000000e-01
  20 Jun 2018 16:01:10.400000000;      4.347299e+01;     -8.053892e+01;      8.000000e-01
  20 Jun 2018 16:01:10.500000000;      4.347299e+01;     -8.053894e+01;      8.000000e-01
  20 Jun 2018 16:01:10.600000000;      4.347300e+01;     -8.053896e+01;      8.000000e-01
  20 Jun 2018 16:01:10.700000000;      4.347301e+01;     -8.053898e+01;      8.000000e-01
  20 Jun 2018 16:01:10.800000000;      4.347301e+01;     -8.053900e+01;      8.000000e-01
  20 Jun 2018 16:01:10.900000000;      4.347302e+01;     -8.053902e+01;      8.000000e-01
  20 Jun 2018 16:01:11.000000000;      4.347302e+01;     -8.053904e+01;      8.000000e-01
  20 Jun 2018 16:01:11.100000000;      4.347303e+01;     -8.053906e+01;      8.000000e-01
  20 Jun 2018 16:01:11.200000000;      4.347304e+01;     -8.053908e+01;      8.000000e-01
  20 Jun 2018 16:01:11.300000000;      4.347304e+01;     -8.053911e+01;      8.000000e-01
  20 Jun 2018 16:01:11.400000000;      4.347305e+01;     -8.053913e+01;      8.000000e-01
  20 Jun 2018 16:01:11.500000000;      4.347305e+01;     -8.053915e+01;      8.000000e-01
  20 Jun 2018 16:01:11.600000000;      4.347306e+01;     -8.053917e+01;      8.000000e-01
  20 Jun 2018 16:01:11.700000000;      4.347306e+01;     -8.053919e+01;      8.000000e-01
  20 Jun 2018 16:01:11.800000000;      4.347307e+01;     -8.053921e+01;      8.000000e-01
  20 Jun 2018 16:01:11.900000000;      4.347307e+01;     -8.053923e+01;      8.000000e-01
  20 Jun 2018 16:01:12.000000000;      4.347308e+01;     -8.053925e+01;      8.000000e-01
  20 Jun 2018 16:01:12.100000000;      4.347308e+01;     -8.053927e+01;      8.000000e-01
  20 Jun 2018 16:01:12.200000000;      4.347309e+01;     -8.053930e+01;      8.000000e-01
  20 Jun 2018 16:01:12.300000000;      4.347309e+01;     -8.053932e+01;      8.000000e-01
  20 Jun 2018 16:01:12.400000000;      4.347310e+01;     -8.053934e+01;      8.000000e-01
  20 Jun 2018 16:01:12.500000000;      4.347310e+01;     -8.053936e+01;      8.000000e-01
  20 Jun 2018 16:01:12.600000000;      4.347310e+01;     -8.053938e+01;      8.000000e-01
  20 Jun 2018 16:01:12.700000000;      4.347311e+01;     -8.053940e+01;      8.000000e-01
  20 Jun 2018 16:01:12.800000000;      4.347311e+01;     -8.053943e+01;      8.000000e-01
  20 Jun 2018 16:01:12.900000000;      4.347311e+01;     -8.053945e+01;      8.000000e-01
  20 Jun 2018 16:01:13.000000000;      4.347312e+01;     -8.053947e+01;      8.000000e-01
  20 Jun 2018 16:01:13.100000000;      4.347312e+01;     -8.053949e+01;      8.000000e-01
  20 Jun 2018 16:01:13.200000000;      4.347312e+01;     -8.053951e+01;      8.000000e-01
  20 Jun 2018 16:01:13.300000000;      4.347313e+01;     -8.053953e+01;      8.000000e-01
  20 Jun 2018 16:01:13.400000000;      4.347313e+01;     -8.053956e+01;      8.000000e-01
  20 Jun 2018 16:01:13.500000000;      4.347313e+01;     -8.053958e+01;      8.000000e-01
  20 Jun 2018 16:01:13.600000000;      4.347314e+01;     -8.053960e+01;      8.000000e-01
  20 Jun 2018 16:01:13.700000000;      4.347314e+01;     -8.053962e+01;      8.000000e-01
  20 Jun 2018 16:01:13.800000000;      4.347314e+01;     -8.053964e+01;      8.000000e-01
  20 Jun 2018 16:01:13.900000000;      4.347314e+01;     -8.053967e+01;      8.000000e-01
  20 Jun 2018 16:01:14.000000000;      4.347314e+01;     -8.053969e+01;      8.000000e-01
  20 Jun 2018 16:01:14.100000000;      4.347315e+01;     -8.053971e+01;      8.000000e-01
  20 Jun 2018 16:01:14.200000000;      4.347315e+01;     -8.053973e+01;      8.000000e-01
  20 Jun 2018 16:01:14.300000000;      4.347315e+01;     -8.053975e+01;      8.000000e-01
  20 Jun 2018 16:01:14.400000000;      4.347315e+01;     -8.053978e+01;      8.000000e-01
  20 Jun 2018 16:01:14.500000000;      4.347316e+01;     -8.053980e+01;      8.000000e-01
  20 Jun 2018 16:01:14.600000000;      4.347316e+01;     -8.053982e+01;      8.000000e-01
  20 Jun 2018 16:01:14.700000000;      4.347316e+01;     -8.053984e+01;      8.000000e-01
  20 Jun 2018 16:01:14.800000000;      4.347316e+01;     -8.053986e+01;      8.000000e-01
  20 Jun 2018 16:01:14.900000000;      4.347317e+01;     -8.053989e+01;      8.000000e-01
  20 Jun 2018 16:01:15.000000000;      4.347317e+01;     -8.053991e+01;      8.000000e-01
  20 Jun 2018 16:01:15.100000000;      4.347317e+01;     -8.053993e+01;      8.000000e-01
  20 Jun 2018 16:01:15.200000000;      4.347317e+01;     -8.053995e+01;      8.000000e-01
  20 Jun 2018 16:01:15.300000000;      4.347318e+01;     -8.053997e+01;      8.000000e-01
  20 Jun 2018 16:01:15.400000000;      4.347318e+01;     -8.054000e+01;      8.000000e-01
  20 Jun 2018 16:01:15.500000000;      4.347318e+01;     -8.054002e+01;      8.000000e-01
  20 Jun 2018 16:01:15.600000000;      4.347318e+01;     -8.054004e+01;      8.000000e-01
  20 Jun 2018 16:01:15.700000000;      4.347319e+01;     -8.054006e+01;      8.000000e-01
  20 Jun 2018 16:01:15.800000000;      4.347319e+01;     -8.054008e+01;      8.000000e-01
  20 Jun 2018 16:01:15.900000000;      4.347319e+01;     -8.054011e+01;      8.000000e-01
  20 Jun 2018 16:01:16.000000000;      4.347319e+01;     -8.054013e+01;      8.000000e-01
  20 Jun 2018 16:01:16.100000000;      4.347320e+01;     -8.054015e+01;      8.000000e-01
  20 Jun 2018 16:01:16.200000000;      4.347320e+01;     -8.054017e+01;      8.000000e-01
  20 Jun 2018 16:01:16.300000000;      4.347320e+01;     -8.054019e+01;      8.000000e-01
  20 Jun 2018 16:01:16.400000000;      4.347320e+01;     -8.054022e+01;      8.000000e-01
  20 Jun 2018 16:01:16.500000000;      4.347320e+01;     -8.054024e+01;      8.000000e-01
  20 Jun 2018 16:01:16.600000000;      4.347320e+01;     -8.054026e+01;      8.000000e-01
  20 Jun 2018 16:01:16.700000000;      4.347321e+01;     -8.054028e+01;      8.000000e-01
  20 Jun 2018 16:01:16.800000000;      4.347321e+01;     -8.054031e+01;      8.000000e-01
  20 Jun 2018 16:01:16.900000000;      4.347321e+01;     -8.054033e+01;      8.000000e-01
  20 Jun 2018 16:01:17.000000000;      4.347321e+01;     -8.054035e+01;      8.000000e-01
  20 Jun 2018 16:01:17.100000000;      4.347321e+01;     -8.054037e+01;      8.000000e-01
  20 Jun 2018 16:01:17.200000000;      4.347321e+01;     -8.054039e+01;      8.000000e-01
  20 Jun 2018 16:01:17.300000000;      4.347321e+01;     -8.054042e+01;      8.000000e-01
  20 Jun 2018 16:01:17.400000000;      4.347321e+01;     -8.054044e+01;      8.000000e-01
  20 Jun 2018 16:01:17.500000000;      4.347321e+01;     -8.054046e+01;      8.000000e-01
  20 Jun 2018 16:01:17.600000000;      4.347321e+01;     -8.054048e+01;      8.000000e-01
  20 Jun 2018 16:01:17.700000000;      4.347321e+01;     -8.054051e+01;      8.000000e-01
  20 Jun 2018 16:01:17.800000000;      4.347321e+01;     -8.054053e+01;      8.000000e-01
  20 Jun 2018 16:01:17.900000000;      4.347321e+01;     -8.054055e+01;      8.000000e-01
  20 Jun 2018 16:01:18.000000000;      4.347321e+01;     -8.054057e+01;      8.000000e-01
  20 Jun 2018 16:01:18.100000000;      4.347321e+01;     -8.054059e+01;      8.000000e-01
  20 Jun 2018 16:01:18.200000000;      4.347321e+01;     -8.054062e+01;      8.000000e-01
  20 Jun 2018 16:01:18.300000000;      4.347321e+01;     -8.054064e+01;      8.000000e-01
  20 Jun 2018 16:01:18.400000000;      4.347321e+01;     -8.054066e+01;      8.000000e-01
  20 Jun 2018 16:01:18.500000000;      4.347321e+01;     -8.054068e+01;      8.000000e-01
  20 Jun 2018 16:01:18.600000000;      4.347320e+01;     -8.054071e+01;      8.000000e-01
  20 Jun 2018 16:01:18.700000000;      4.347320e+01;     -8.054073e+01;      8.000000e-01
  20 Jun 2018 16:01:18.800000000;      4.347320e+01;     -8.054075e+01;      8.000000e-01
  20 Jun 2018 16:01:18.900000000;      4.347320e+01;     -8.054077e+01;      8.000000e-01
  20 Jun 2018 16:01:19.000000000;      4.347320e+01;     -8.054079e+01;      8.000000e-01
  20 Jun 2018 16:01:19.100000000;      4.347319e+01;     -8.054082e+01;      8.000000e-01
  20 Jun 2018 16:01:19.200000000;      4.347319e+01;     -8.054084e+01;      8.000000e-01
  20 Jun 2018 16:01:19.300000000;      4.347319e+01;     -8.054086e+01;      8.000000e-01
  20 Jun 2018 16:01:19.400000000;      4.347319e+01;     -8.054088e+01;      8.000000e-01
  20 Jun 2018 16:01:19.500000000;      4.347318e+01;     -8.054090e+01;      8.000000e-01
  20 Jun 2018 16:01:19.600000000;      4.347318e+01;     -8.054093e+01;      8.000000e-01
  20 Jun 2018 16:01:19.700000000;      4.347318e+01;     -8.054095e+01;      8.000000e-01
  20 Jun 2018 16:01:19.800000000;      4.347318e+01;     -8.054097e+01;      8.000000e-01
  20 Jun 2018 16:01:19.900000000;      4.347317e+01;     -8.054099e+01;      8.000000e-01
  20 Jun 2018 16:01:20.000000000;      4.347317e+01;     -8.054101e+01;      8.000000e-01
  20 Jun 2018 16:01:20.100000000;      4.347317e+01;     -8.054103e+01;      8.000000e-01
  20 Jun 2018 16:01:20.200000000;      4.347316e+01;     -8.054106e+01;      8.000000e-01
  20 Jun 2018 16:01:20.300000000;      4.347316e+01;     -8.054108e+01;      8.000000e-01
  20 Jun 2018 16:01:20.400000000;      4.347315e+01;     -8.054110e+01;      8.000000e-01
  20 Jun 2018 16:01:20.500000000;      4.347315e+01;     -8.054112e+01;      8.000000e-01
  20 Jun 2018 16:01:20.600000000;      4.347315e+01;     -8.054114e+01;      8.000000e-01
  20 Jun 2018 16:01:20.700000000;      4.347314e+01;     -8.054116e+01;      8.000000e-01
  20 Jun 2018 16:01:20.800000000;      4.347314e+01;     -8.054119e+01;      8.000000e-01
  20 Jun 2018 16:01:20.900000000;      4.347313e+01;     -8.054121e+01;      8.000000e-01
  20 Jun 2018 16:01:21.000000000;      4.347313e+01;     -8.054123e+01;      8.000000e-01
  20 Jun 2018 16:01:21.100000000;      4.347312e+01;     -8.054125e+01;      8.000000e-01
  20 Jun 2018 16:01:21.200000000;      4.347312e+01;     -8.054127e+01;      8.000000e-01
  20 Jun 2018 16:01:21.300000000;      4.347311e+01;     -8.054129e+01;      8.000000e-01
  20 Jun 2018 16:01:21.400000000;      4.347311e+01;     -8.054131e+01;      8.000000e-01
  20 Jun 2018 16:01:21.500000000;      4.347310e+01;     -8.054133e+01;      8.000000e-01
  20 Jun 2018 16:01:21.600000000;      4.347309e+01;     -8.054135e+01;      8.000000e-01
  20 Jun 2018 16:01:21.700000000;      4.347309e+01;     -8.054137e+01;      8.000000e-01
  20 Jun 2018 16:01:21.800000000;      4.347308e+01;     -8.054140e+01;      8.000000e-01
  20 Jun 2018 16:01:21.900000000;      4.347308e+01;     -8.054142e+01;      8.000000e-01
  20 Jun 2018 16:01:22.000000000;      4.347307e+01;     -8.054144e+01;      8.000000e-01
  20 Jun 2018 16:01:22.100000000;      4.347306e+01;     -8.054146e+01;      8.000000e-01
  20 Jun 2018 16:01:22.200000000;      4.347306e+01;     -8.054148e+01;      8.000000e-01
  20 Jun 2018 16:01:22.300000000;      4.347305e+01;     -8.054150e+01;      8.000000e-01
  20 Jun 2018 16:01:22.400000000;      4.347305e+01;     -8.054152e+01;      8.000000e-01
  20 Jun 2018 16:01:22.500000000;      4.347304e+01;     -8.054154e+01;      8.000000e-01
  20 Jun 2018 16:01:22.600000000;      4.347303e+01;     -8.054156e+01;      8.000000e-01
  20 Jun 2018 16:01:22.700000000;      4.347303e+01;     -8.054158e+01;      8.000000e-01
  20 Jun 2018 16:01:22.800000000;      4.347302e+01;     -8.054160e+01;      8.000000e-01
  20 Jun 2018 16:01:22.900000000;      4.347301e+01;     -8.054162e+01;      8.000000e-01
  20 Jun 2018 16:01:23.000000000;      4.347301e+01;     -8.054164e+01;      8.000000e-01
  20 Jun 2018 16:01:23.100000000;      4.347300e+01;     -8.054166e+01;      8.000000e-01
  20 Jun 2018 16:01:23.200000000;      4.347299e+01;     -8.054168e+01;      8.000000e-01
  20 Jun 2018 16:01:23.300000000;      4.347299e+01;     -8.054170e+01;      8.000000e-01
  20 Jun 2018 16:01:23.400000000;      4.347298e+01;     -8.054172e+01;      8.000000e-01
  20 Jun 2018 16:01:23.500000000;      4.347297e+01;     -8.054174e+01;      8.000000e-01
  20 Jun 2018 16:01:23.600000000;      4.347297e+01;     -8.054176e+01;      8.000000e-01
  20 Jun 2018 16:01:23.700000000;      4.347296e+01;     -8.054178e+01;      8.000000e-01
  20 Jun 2018 16:01:23.800000000;      4.347295e+01;     -8.054180e+01;      8.000000e-01
  20 Jun 2018 16:01:23.900000000;      4.347295e+01;     -8.054182e+01;      8.000000e-01
  20 Jun 2018 16:01:24.000000000;      4.347294e+01;     -8.054184e+01;      8.000000e-01
  20 Jun 2018 16:01:24.100000000;      4.347293e+01;     -8.054186e+01;      8.000000e-01
  20 Jun 2018 16:01:24.200000000;      4.347293e+01;     -8.054188e+01;      8.000000e-01
  20 Jun 2018 16:01:24.300000000;      4.347292e+01;     -8.054191e+01;      8.000000e-01
  20 Jun 2018 16:01:24.400000000;      4.347291e+01;     -8.054193e+01;      8.000000e-01
  20 Jun 2018 16:01:24.500000000;      4.347291e+01;     -8.054195e+01;      8.000000e-01
  20 Jun 2018 16:01:24.600000000;      4.347290e+01;     -8.054197e+01;      8.000000e-01
  20 Jun 2018 16:01:24.700000000;      4.347289e+01;     -8.054199e+01;      8.000000e-01
  20 Jun 2018 16:01:24.800000000;      4.347289e+01;     -8.054201e+01;      8.000000e-01
  20 Jun 2018 16:01:24.900000000;      4.347288e+01;     -8.054203e+01;      8.000000e-01
  20 Jun 2018 16:01:25.000000000;      4.347288e+01;     -8.054205e+01;      8.000000e-01
  20 Jun 2018 16:01:25.100000000;      4.347287e+01;     -8.054207e+01;      8.000000e-01
  20 Jun 2018 16:01:25.200000000;      4.347286e+01;     -8.054209e+01;      8.000000e-01
  20 Jun 2018 16:01:25.300000000;      4.347286e+01;     -8.054211e+01;      8.000000e-01
  20 Jun 2018 16:01:25.400000000;      4.347285e+01;     -8.054213e+01;      8.000000e-01
  20 Jun 2018 16:01:25.500000000;      4.347284e+01;     -8.054215e+01;      8.000000e-01
  20 Jun 2018 16:01:25.600000000;      4.347284e+01;     -8.054217e+01;      8.000000e-01
  20 Jun 2018 16:01:25.700000000;      4.347283e+01;     -8.054219e+01;      8.000000e-01
  20 Jun 2018 16:01:25.800000000;      4.347282e+01;     -8.054221e+01;      8.000000e-01
  20 Jun 2018 16:01:25.900000000;      4.347282e+01;     -8.054223e+01;      8.000000e-01
  20 Jun 2018 16:01:26.000000000;      4.347281e+01;     -8.054225e+01;      8.000000e-01
  20 Jun 2018 16:01:26.100000000;      4.347280e+01;     -8.054227e+01;      8.000000e-01
  20 Jun 2018 16:01:26.200000000;      4.347280e+01;     -8.054229e+01;      8.000000e-01
  20 Jun 2018 16:01:26.300000000;      4.347279e+01;     -8.054231e+01;      8.000000e-01
  20 Jun 2018 16:01:26.400000000;      4.347278e+01;     -8.054233e+01;      8.000000e-01
  20 Jun 2018 16:01:26.500000000;      4.347278e+01;     -8.054235e+01;      8.000000e-01
  20 Jun 2018 16:01:26.600000000;      4.347277e+01;     -8.054237e+01;      8.000000e-01
  20 Jun 2018 16:01:26.700000000;      4.347276e+01;     -8.054239e+01;      8.000000e-01
  20 Jun 2018 16:01:26.800000000;      4.347276e+01;     -8.054241e+01;      8.000000e-01
  20 Jun 2018 16:01:26.900000000;      4.347275e+01;     -8.054243e+01;      8.000000e-01
  20 Jun 2018 16:01:27.000000000;      4.347274e+01;     -8.054245e+01;      8.000000e-01
  20 Jun 2018 16:01:27.100000000;      4.347273e+01;     -8.054247e+01;      8.000000e-01
  20 Jun 2018 16:01:27.200000000;      4.347273e+01;     -8.054249e+01;      8.000000e-01
  20 Jun 2018 16:01:27.300000000;      4.347272e+01;     -8.054251e+01;      8.000000e-01
  20 Jun 2018 16:01:27.400000000;      4.347271e+01;     -8.054253e+01;      8.000000e-01
  20 Jun 2018 16:01:27.500000000;      4.347270e+01;     -8.054255e+01;      8.000000e-01
  20 Jun 2018 16:01:27.600000000;      4.347269e+01;     -8.054257e+01;      8.000000e-01
  20 Jun 2018 16:01:27.700000000;      4.347269e+01;     -8.054259e+01;      8.000000e-01
  20 Jun 2018 16:01:27.800000000;      4.347268e+01;     -8.054261e+01;      8.000000e-01
  20 Jun 2018 16:01:27.900000000;      4.347267e+01;     -8.054263e+01;      8.000000e-01
  20 Jun 2018 16:01:28.000000000;      4.347266e+01;     -8.054265e+01;      8.000000e-01
  20 Jun 2018 16:01:28.100000000;      4.347265e+01;     -8.054266e+01;      8.000000e-01
  20 Jun 2018 16:01:28.200000000;      4.347264e+01;     -8.054268e+01;      8.000000e-01
  20 Jun 2018 16:01:28.300000000;      4.347263e+01;     -8.054270e+01;      8.000000e-01
  20 Jun 2018 16:01:28.400000000;      4.347263e+01;     -8.054272e+01;      8.000000e-01
  20 Jun 2018 16:01:28.500000000;      4.347262e+01;     -8.054274e+01;      8.000000e-01
  20 Jun 2018 16:01:28.600000000;      4.347261e+01;     -8.054276e+01;      8.000000e-01
  20 Jun 2018 16:01:28.700000000;      4.347260e+01;     -8.054277e+01;      8.000000e-01
  20 Jun 2018 16:01:28.800000000;      4.347259e+01;     -8.054279e+01;      8.000000e-01
  20 Jun 2018 16:01:28.900000000;      4.347258e+01;     -8.054281e+01;      8.000000e-01
  20 Jun 2018 16:01:29.000000000;      4.347257e+01;     -8.054283e+01;      8.000000e-01
  20 Jun 2018 16:01:29.100000000;      4.347256e+01;     -8.054285e+01;      8.000000e-01
  20 Jun 2018 16:01:29.200000000;      4.347255e+01;     -8.054286e+01;      8.000000e-01
  20 Jun 2018 16:01:29.300000000;      4.347254e+01;     -8.054288e+01;      8.000000e-01
  20 Jun 2018 16:01:29.400000000;      4.347253e+01;     -8.054290e+01;      8.000000e-01
  20 Jun 2018 16:01:29.500000000;      4.347252e+01;     -8.054292e+01;      8.000000e-01
  20 Jun 2018 16:01:29.600000000;      4.347251e+01;     -8.054293e+01;      8.000000e-01
  20 Jun 2018 16:01:29.700000000;      4.347250e+01;     -8.054295e+01;      8.000000e-01
  20 Jun 2018 16:01:29.800000000;      4.347249e+01;     -8.054297e+01;      8.000000e-01
  20 Jun 2018 16:01:29.900000000;      4.347247e+01;     -8.054298e+01;      8.000000e-01
  20 Jun 2018 16:01:30.000000000;      4.347246e+01;     -8.054300e+01;      8.000000e-01
  20 Jun 2018 16:01:30.100000000;      4.347245e+01;     -8.054301e+01;      8.000000e-01
  20 Jun 2018 16:01:30.200000000;      4.347244e+01;     -8.054303e+01;      8.000000e-01
  20 Jun 2018 16:01:30.300000000;      4.347243e+01;     -8.054305e+01;      8.000000e-01
  20 Jun 2018 16:01:30.400000000;      4.347242e+01;     -8.054306e+01;      8.000000e-01
  20 Jun 2018 16:01:30.500000000;      4.347241e+01;     -8.054308e+01;      8.000000e-01
  20 Jun 2018 16:01:30.600000000;      4.347240e+01;     -8.054309e+01;      8.000000e-01
  20 Jun 2018 16:01:30.700000000;      4.347238e+01;     -8.054311e+01;      8.000000e-01
  20 Jun 2018 16:01:30.800000000;      4.347237e+01;     -8.054312e+01;      8.000000e-01
  20 Jun 2018 16:01:30.900000000;      4.347236e+01;     -8.054314e+01;      8.000000e-01
  20 Jun 2018 16:01:31.000000000;      4.347235e+01;     -8.054316e+01;      8.000000e-01
  20 Jun 2018 16:01:31.100000000;      4.347234e+01;     -8.054317e+01;      8.000000e-01
  20 Jun 2018 16:01:31.200000000;      4.347232e+01;     -8.054318e+01;      8.000000e-01
  20 Jun 2018 16:01:31.300000000;      4.347231e+01;     -8.054320e+01;      8.000000e-01
  20 Jun 2018 16:01:31.400000000;      4.347230e+01;     -8.054321e+01;      8.000000e-01
  20 Jun 2018 16:01:31.500000000;      4.347229e+01;     -8.054323e+01;      8.000000e-01
  20 Jun 2018 16:01:31.600000000;      4.347227e+01;     -8.054324e+01;      8.000000e-01
  20 Jun 2018 16:01:31.700000000;      4.347226e+01;     -8.054326e+01;      8.000000e-01
  20 Jun 2018 16:01:31.800000000;      4.347225e+01;     -8.054327e+01;      8.000000e-01
  20 Jun 2018 16:01:31.900000000;      4.347224e+01;     -8.054328e+01;      8.000000e-01
  20 Jun 2018 16:01:32.000000000;      4.347222e+01;     -8.054330e+01;      8.000000e-01
  20 Jun 2018 16:01:32.100000000;      4.347221e+01;     -8.054331e+01;      8.000000e-01
  20 Jun 2018 16:01:32.200000000;      4.347220e+01;     -8.054332e+01;      8.000000e-01
  20 Jun 2018 16:01:32.300000000;      4.347218e+01;     -8.054334e+01;      8.000000e-01
  20 Jun 2018 16:01:32.400000000;      4.347217e+01;     -8.054335e+01;      8.000000e-01
  20 Jun 2018 16:01:32.500000000;      4.347216e+01;     -8.054336e+01;      8.000000e-01
  20 Jun 2018 16:01:32.600000000;      4.347214e+01;     -8.054337e+01;      8.000000e-01
  20 Jun 2018 16:01:32.700000000;      4.347213e+01;     -8.054339e+01;      8.000000e-01
  20 Jun 2018 16:01:32.800000000;      4.347212e+01;     -8.054340e+01;      8.000000e-01
  20 Jun 2018 16:01:32.900000000;      4.347210e+01;     -8.054341e+01;      8.000000e-01
  20 Jun 2018 16:01:33.000000000;      4.347209e+01;     -8.054342e+01;      8.000000e-01
  20 Jun 2018 16:01:33.100000000;      4.347208e+01;     -8.054343e+01;      8.000000e-01
  20 Jun 2018 16:01:33.200000000;      4.347206e+01;     -8.054345e+01;      8.000000e-01
  20 Jun 2018 16:01:33.300000000;      4.347205e+01;     -8.054346e+01;      8.000000e-01
  20 Jun 2018 16:01:33.400000000;      4.347203e+01;     -8.054347e+01;      8.000000e-01
  20 Jun 2018 16:01:33.500000000;      4.347202e+01;     -8.054348e+01;      8.000000e-01
  20 Jun 2018 16:01:33.600000000;      4.347201e+01;     -8.054349e+01;      8.000000e-01
  20 Jun 2018 16:01:33.700000000;      4.347199e+01;     -8.054350e+01;      8.000000e-01
  20 Jun 2018 16:01:33.800000000;      4.347198e+01;     -8.054351e+01;      8.000000e-01
  20 Jun 2018 16:01:33.900000000;      4.347196e+01;     -8.054352e+01;      8.000000e-01
  20 Jun 2018 16:01:34.000000000;      4.347195e+01;     -8.054353e+01;      8.000000e-01
  20 Jun 2018 16:01:34.100000000;      4.347194e+01;     -8.054354e+01;      8.000000e-01
  20 Jun 2018 16:01:34.200000000;      4.347192e+01;     -8.054355e+01;      8.000000e-01
  20 Jun 2018 16:01:34.300000000;      4.347191e+01;     -8.054356e+01;      8.000000e-01
  20 Jun 2018 16:01:34.400000000;      4.347189e+01;     -8.054357e+01;      8.000000e-01
  20 Jun 2018 16:01:34.500000000;      4.347188e+01;     -8.054359e+01;      8.000000e-01
  20 Jun 2018 16:01:34.600000000;      4.347186e+01;     -8.054360e+01;      8.000000e-01
  20 Jun 2018 16:01:34.700000000;      4.347185e+01;     -8.054361e+01;      8.000000e-01
  20 Jun 2018 16:01:34.800000000;      4.347184e+01;     -8.054362e+01;      8.000000e-01
  20 Jun 2018 16:01:34.900000000;      4.347182e+01;     -8.054363e+01;      8.000000e-01
  20 Jun 2018 16:01:35.000000000;      4.347181e+01;     -8.054364e+01;      8.000000e-01
  20 Jun 2018 16:01:35.100000000;      4.347179e+01;     -8.054365e+01;      8.000000e-01
  20 Jun 2018 16:01:35.200000000;      4.347178e+01;     -8.054366e+01;      8.000000e-01
  20 Jun 2018 16:01:35.300000000;      4.347176e+01;     -8.054367e+01;      8.000000e-01
  20 Jun 2018 16:01:35.400000000;      4.347175e+01;     -8.054368e+01;      8.000000e-01
  20 Jun 2018 16:01:35.500000000;      4.347174e+01;     -8.054369e+01;      8.000000e-01
  20 Jun 2018 16:01:35.600000000;      4.347172e+01;     -8.054370e+01;      8.000000e-01
  20 Jun 2018 16:01:35.700000000;      4.347171e+01;     -8.054371e+01;      8.000000e-01
  20 Jun 2018 16:01:35.800000000;      4.347169e+01;     -8.054372e+01;      8.000000e-01
  20 Jun 2018 16:01:35.900000000;      4.347168e+01;     -8.054373e+01;      8.000000e-01
  20 Jun 2018 16:01:36.000000000;      4.347166e+01;     -8.054374e+01;      8.000000e-01
  20 Jun 2018 16:01:36.100000000;      4.347165e+01;     -8.054375e+01;      8.000000e-01
  20 Jun 2018 16:01:36.200000000;      4.347164e+01;     -8.054377e+01;      8.000000e-01
  20 Jun 2018 16:01:36.300000000;      4.347162e+01;     -8.054378e+01;      8.000000e-01
  20 Jun 2018 16:01:36.400000000;      4.347161e+01;     -8.054379e+01;      8.000000e-01
  20 Jun 2018 16:01:36.500000000;      4.347159e+01;     -8.054380e+01;      8.000000e-01
  20 Jun 2018 16:01:36.600000000;      4.347158e+01;     -8.054381e+01;      8.000000e-01
  20 Jun 2018 16:01:36.700000000;      4.347156e+01;     -8.054382e+01;      8.000000e-01
  20 Jun 2018 16:01:36.800000000;      4.347155e+01;     -8.054383e+01;      8.000000e-01
  20 Jun 2018 16:01:36.900000000;      4.347154e+01;     -8.054384e+01;      8.000000e-01
  20 Jun 2018 16:01:37.000000000;      4.347152e+01;     -8.054385e+01;      8.000000e-01
  20 Jun 2018 16:01:37.100000000;      4.347151e+01;     -8.054386e+01;      8.000000e-01
  20 Jun 2018 16:01:37.200000000;      4.347149e+01;     -8.054387e+01;      8.000000e-01
  20 Jun 2018 16:01:37.300000000;      4.347148e+01;     -8.054387e+01;      8.000000e-01
  20 Jun 2018 16:01:37.400000000;      4.347146e+01;     -8.054388e+01;      8.000000e-01
  20 Jun 2018 16:01:37.500000000;      4.347145e+01;     -8.054389e+01;      8.000000e-01
  20 Jun 2018 16:01:37.600000000;      4.347143e+01;     -8.054390e+01;      8.000000e-01
  20 Jun 2018 16:01:37.700000000;      4.347142e+01;     -8.054391e+01;      8.000000e-01
  20 Jun 2018 16:01:37.800000000;      4.347140e+01;     -8.054392e+01;      8.000000e-01
  20 Jun 2018 16:01:37.900000000;      4.347139e+01;     -8.054393e+01;      8.000000e-01
  20 Jun 2018 16:01:38.000000000;      4.347137e+01;     -8.054393e+01;      8.000000e-01
  20 Jun 2018 16:01:38.100000000;      4.347136e+01;     -8.054394e+01;      8.000000e-01
  20 Jun 2018 16:01:38.200000000;      4.347134e+01;     -8.054395e+01;      8.000000e-01
  20 Jun 2018 16:01:38.300000000;      4.347133e+01;     -8.054396e+01;      8.000000e-01
  20 Jun 2018 16:01:38.400000000;      4.347131e+01;     -8.054396e+01;      8.000000e-01
  20 Jun 2018 16:01:38.500000000;      4.347129e+01;     -8.054397e+01;      8.000000e-01
  20 Jun 2018 16:01:38.600000000;      4.347128e+01;     -8.054398e+01;      8.000000e-01
  20 Jun 2018 16:01:38.700000000;      4.347126e+01;     -8.054398e+01;      8.000000e-01
  20 Jun 2018 16:01:38.800000000;      4.347125e+01;     -8.054399e+01;      8.000000e-01
  20 Jun 2018 16:01:38.900000000;      4.347123e+01;     -8.054399e+01;      8.000000e-01
  20 Jun 2018 16:01:39.000000000;      4.347122e+01;     -8.054400e+01;      8.000000e-01
  20 Jun 2018 16:01:39.100000000;      4.347120e+01;     -8.054401e+01;      8.000000e-01
  20 Jun 2018 16:01:39.200000000;      4.347119e+01;     -8.054401e+01;      8.000000e-01
  20 Jun 2018 16:01:39.300000000;      4.347117e+01;     -8.054402e+01;      8.000000e-01
  20 Jun 2018 16:01:39.400000000;      4.347115e+01;     -8.054402e+01;      8.000000e-01
  20 Jun 2018 16:01:39.500000000;      4.347114e+01;     -8.054403e+01;      8.000000e-01
  20 Jun 2018 16:01:39.600000000;      4.347112e+01;     -8.054403e+01;      8.000000e-01
  20 Jun 2018 16:01:39.700000000;      4.347111e+01;     -8.054404e+01;      8.000000e-01
  20 Jun 2018 16:01:39.800000000;      4.347109e+01;     -8.054404e+01;      8.000000e-01
  20 Jun 2018 16:01:39.900000000;      4.347107e+01;     -8.054404e+01;      8.000000e-01
  20 Jun 2018 16:01:40.000000000;      4.347106e+01;     -8.054405e+01;      8.000000e-01
  20 Jun 2018 16:01:40.100000000;      4.347104e+01;     -8.054405e+01;      8.000000e-01
  20 Jun 2018 16:01:40.200000000;      4.347103e+01;     -8.054406e+01;      8.000000e-01
  20 Jun 2018 16:01:40.300000000;      4.347101e+01;     -8.054406e+01;      8.000000e-01
  20 Jun 2018 16:01:40.400000000;      4.347099e+01;     -8.054406e+01;      8.000000e-01
  20 Jun 2018 16:01:40.500000000;      4.347098e+01;     -8.054407e+01;      8.000000e-01
  20 Jun 2018 16:01:40.600000000;      4.347096e+01;     -8.054407e+01;      8.000000e-01
  20 Jun 2018 16:01:40.700000000;      4.347095e+01;     -8.054407e+01;      8.000000e-01
  20 Jun 2018 16:01:40.800000000;      4.347093e+01;     -8.054407e+01;      8.000000e-01
  20 Jun 2018 16:01:40.900000000;      4.347091e+01;     -8.054408e+01;      8.000000e-01
  20 Jun 2018 16:01:41.000000000;      4.347090e+01;     -8.054408e+01;      8.000000e-01
  20 Jun 2018 16:01:41.100000000;      4.347088e+01;     -8.054408e+01;      8.000000e-01
  20 Jun 2018 16:01:41.200000000;      4.347087e+01;     -8.054408e+01;      8.000000e-01
  20 Jun 2018 16:01:41.300000000;      4.347085e+01;     -8.054408e+01;      8.000000e-01
  20 Jun 2018 16:01:41.400000000;      4.347083e+01;     -8.054408e+01;      8.000000e-01
  20 Jun 2018 16:01:41.500000000;      4.347082e+01;     -8.054408e+01;      8.000000e-01
  20 Jun 2018 16:01:41.600000000;      4.347080e+01;     -8.054408e+01;      8.000000e-01
  20 Jun 2018 16:01:41.700000000;      4.347078e+01;     -8.054409e+01;      8.000000e-01
  20 Jun 2018 16:01:41.800000000;      4.347077e+01;     -8.054409e+01;      8.000000e-01
  20 Jun 2018 16:01:41.900000000;      4.347075e+01;     -8.054409e+01;      8.000000e-01
  20 Jun 2018 16:01:42.000000000;      4.347074e+01;     -8.054409e+01;      8.000000e-01
  20 Jun 2018 16:01:42.100000000;      4.347072e+01;     -8.054409e+01;      8.000000e-01
  20 Jun 2018 16:01:42.200000000;      4.347070e+01;     -8.054408e+01;      8.000000e-01
  20 Jun 2018 16:01:42.300000000;      4.347069e+01;     -8.054408e+01;      8.000000e-01
  20 Jun 2018 16:01:42.400000000;      4.347067e+01;     -8.054408e+01;      8.000000e-01
  20 Jun 2018 16:01:42.500000000;      4.347066e+01;     -8.054408e+01;      8.000000e-01
  20 Jun 2018 16:01:42.600000000;      4.347064e+01;     -8.054408e+01;      8.000000e-01
  20 Jun 2018 16:01:42.700000000;      4.347062e+01;     -8.054408e+01;      8.000000e-01
  20 Jun 2018 16:01:42.800000000;      4.347061e+01;     -8.054408e+01;      8.000000e-01
  20 Jun 2018 16:01:42.900000000;      4.347059e+01;     -8.054408e+01;      8.000000e-01
  20 Jun 2018 16:01:43.000000000;      4.347057e+01;     -8.054407e+01;      8.000000e-01
  20 Jun 2018 16:01:43.100000000;      4.347056e+01;     -8.054407e+01;      8.000000e-01
  20 Jun 2018 16:01:43.200000000;      4.347054e+01;     -8.054407e+01;      8.000000e-01
  20 Jun 2018 16:01:43.300000000;      4.347053e+01;     -8.054407e+01;      8.000000e-01
  20 Jun 2018 16:01:43.400000000;      4.347051e+01;     -8.054406e+01;      8.000000e-01
  20 Jun 2018 16:01:43.500000000;      4.347049e+01;     -8.054406e+01;      8.000000e-01
  20 Jun 2018 16:01:43.600000000;      4.347048e+01;     -8.054406e+01;      8.000000e-01
  20 Jun 2018 16:01:43.700000000;      4.347046e+01;     -8.054405e+01;      8.000000e-01
  20 Jun 2018 16:01:43.800000000;      4.347045e+01;     -8.054405e+01;      8.000000e-01
  20 Jun 2018 16:01:43.900000000;      4.347043e+01;     -8.054405e+01;      8.000000e-01
  20 Jun 2018 16:01:44.000000000;      4.347041e+01;     -8.054404e+01;      8.000000e-01
  20 Jun 2018 16:01:44.100000000;      4.347040e+01;     -8.054404e+01;      8.000000e-01
  20 Jun 2018 16:01:44.200000000;      4.347038e+01;     -8.054403e+01;      8.000000e-01
  20 Jun 2018 16:01:44.300000000;      4.347037e+01;     -8.054403e+01;      8.000000e-01
  20 Jun 2018 16:01:44.400000000;      4.347035e+01;     -8.054402e+01;      8.000000e-01
  20 Jun 2018 16:01:44.500000000;      4.347033e+01;     -8.054402e+01;      8.000000e-01
  20 Jun 2018 16:01:44.600000000;      4.347032e+01;     -8.054401e+01;      8.000000e-01
  20 Jun 2018 16:01:44.700000000;      4.347030e+01;     -8.054401e+01;      8.000000e-01
  20 Jun 2018 16:01:44.800000000;      4.347029e+01;     -8.054400e+01;      8.000000e-01
  20 Jun 2018 16:01:44.900000000;      4.347027e+01;     -8.054400e+01;      8.000000e-01
  20 Jun 2018 16:01:45.000000000;      4.347026e+01;     -8.054399e+01;      8.000000e-01
  20 Jun 2018 16:01:45.100000000;      4.347024e+01;     -8.054399e+01;      8.000000e-01
  20 Jun 2018 16:01:45.200000000;      4.347022e+01;     -8.054398e+01;      8.000000e-01
  20 Jun 2018 16:01:45.300000000;      4.347021e+01;     -8.054398e+01;      8.000000e-01
  20 Jun 2018 16:01:45.400000000;      4.347019e+01;     -8.054397e+01;      8.000000e-01
  20 Jun 2018 16:01:45.500000000;      4.347018e+01;     -8.054397e+01;      8.000000e-01
  20 Jun 2018 16:01:45.600000000;      4.347016e+01;     -8.054396e+01;      8.000000e-01
  20 Jun 2018 16:01:45.700000000;      4.347015e+01;     -8.054396e+01;      8.000000e-01
  20 Jun 2018 16:01:45.800000000;      4.347013e+01;     -8.054395e+01;      8.000000e-01
  20 Jun 2018 16:01:45.900000000;      4.347011e+01;     -8.054395e+01;      8.000000e-01
  20 Jun 2018 16:01:46.000000000;      4.347010e+01;     -8.054394e+01;      8.000000e-01
  20 Jun 2018 16:01:46.100000000;      4.347008e+01;     -8.054393e+01;      8.000000e-01
  20 Jun 2018 16:01:46.200000000;      4.347007e+01;     -8.054393e+01;      8.000000e-01
  20 Jun 2018 16:01:46.300000000;      4.347005e+01;     -8.054392e+01;      8.000000e-01
  20 Jun 2018 16:01:46.400000000;      4.347004e+01;     -8.054392e+01;      8.000000e-01
  20 Jun 2018 16:01:46.500000000;      4.347002e+01;     -8.054391e+01;      8.000000e-01
  20 Jun 2018 16:01:46.600000000;      4.347000e+01;     -8.054391e+01;      8.000000e-01
  20 Jun 2018 16:01:46.700000000;      4.346999e+01;     -8.054390e+01;      8.000000e-01
  20 Jun 2018 16:01:46.800000000;      4.346997e+01;     -8.054390e+01;      8.000000e-01
  20 Jun 2018 16:01:46.900000000;      4.346996e+01;     -8.054389e+01;      8.000000e-01
  20 Jun 2018 16:01:47.000000000;      4.346994e+01;     -8.054389e+01;      8.000000e-01
  20 Jun 2018 16:01:47.100000000;      4.346993e+01;     -8.054388e+01;      8.000000e-01
  20 Jun 2018 16:01:47.200000000;      4.346991e+01;     -8.054388e+01;      8.000000e-01
  20 Jun 2018 16:01:47.300000000;      4.346989e+01;     -8.054387e+01;      8.000000e-01
  20 Jun 2018 16:01:47.400000000;      4.346988e+01;     -8.054387e+01;      8.000000e-01
  20 Jun 2018 16:01:47.500000000;      4.346986e+01;     -8.054386e+01;      8.000000e-01
  20 Jun 2018 16:01:47.600000000;      4.346985e+01;     -8.054385e+01;      8.000000e-01
  20 Jun 2018 16:01:47.700000000;      4.346983e+01;     -8.054385e+01;      8.000000e-01
  20 Jun 2018 16:01:47.800000000;      4.346982e+01;     -8.054384e+01;      8.000000e-01
  20 Jun 2018 16:01:47.900000000;      4.346980e+01;     -8.054384e+01;      8.000000e-01
  20 Jun 2018 16:01:48.000000000;      4.346978e+01;     -8.054383e+01;      8.000000e-01
  20 Jun 2018 16:01:48.100000000;      4.346977e+01;     -8.054383e+01;      8.000000e-01
  20 Jun 2018 16:01:48.200000000;      4.346975e+01;     -8.054382e+01;      8.000000e-01
  20 Jun 2018 16:01:48.300000000;      4.346974e+01;     -8.054382e+01;      8.000000e-01
  20 Jun 2018 16:01:48.400000000;      4.346972e+01;     -8.054381e+01;      8.000000e-01
  20 Jun 2018 16:01:48.500000000;      4.346971e+01;     -8.054381e+01;      8.000000e-01
  20 Jun 2018 16:01:48.600000000;      4.346969e+01;     -8.054380e+01;      8.000000e-01
  20 Jun 2018 16:01:48.700000000;      4.346967e+01;     -8.054380e+01;      8.000000e-01
  20 Jun 2018 16:01:48.800000000;      4.346966e+01;     -8.054379e+01;      8.000000e-01
  20 Jun 2018 16:01:48.900000000;      4.346964e+01;     -8.054379e+01;      8.000000e-01
  20 Jun 2018 16:01:49.000000000;      4.346963e+01;     -8.054378e+01;      8.000000e-01
  20 Jun 2018 16:01:49.100000000;      4.346961e+01;     -8.054378e+01;      8.000000e-01
  20 Jun 2018 16:01:49.200000000;      4.346960e+01;     -8.054377e+01;      8.000000e-01
  20 Jun 2018 16:01:49.300000000;      4.346958e+01;     -8.054376e+01;      8.000000e-01
  20 Jun 2018 16:01:49.400000000;      4.346956e+01;     -8.054376e+01;      8.000000e-01
  20 Jun 2018 16:01:49.407775721;      4.346956e+01;     -8.054376e+01;      8.000000e-01
