3 3 4 3 0 3 4 2 4 0 0 1 1 0 0 0 4 3 2 0 1 4 1 2 3 1 0 2 1 1 2.007778
0 3 4 3 0 3 4 2 4 0 0 1 0 0 0 0 4 3 2 0 4 4 1 2 3 1 0 2 1 1 3.002372
3 3 4 3 0 3 4 2 4 0 0 1 0 0 0 0 4 3 2 0 1 4 1 2 3 1 0 2 1 1 4.002468
0 3 4 3 0 3 4 2 4 0 0 1 0 0 0 0 4 3 2 0 4 4 0 2 3 1 0 2 1 1 5.002319
0 3 4 3 0 3 4 2 4 0 0 1 0 0 0 0 4 3 2 0 4 4 1 2 3 1 0 2 1 1 6.002319
0 3 4 3 0 3 4 2 4 0 0 1 0 0 0 0 4 3 2 0 4 4 0 2 3 1 0 2 1 1 7.002320
0 3 4 3 0 3 4 2 4 0 0 1 0 0 0 0 4 3 2 0 4 4 0 0 3 1 0 2 1 1 8.003455
0 3 4 3 0 3 4 2 4 0 0 1 0 0 0 0 4 3 2 0 4 4 0 0 3 1 0 2 1 1 9.002359
0 3 4 3 0 3 4 2 4 0 0 1 0 0 0 0 4 3 2 0 4 4 0 0 3 1 0 2 1 1 10.002567
0 3 4 3 0 3 0 2 4 0 0 1 0 0 0 0 4 3 2 0 4 4 0 0 3 1 0 2 1 1 11.002406
0 3 4 3 0 3 0 2 4 0 0 1 0 0 0 0 4 3 2 0 4 4 0 0 3 1 0 2 1 1 12.002505
0 3 4 3 0 3 0 2 4 0 0 1 0 0 0 0 4 3 2 0 4 4 0 0 3 1 0 2 1 1 13.003104
0 3 4 3 0 3 0 2 4 0 0 1 0 0 0 0 4 3 2 0 4 4 0 0 3 1 0 2 1 1 14.002367
0 3 4 3 0 3 0 2 4 0 0 1 0 0 0 0 4 3 2 0 4 4 0 0 3 1 0 2 1 1 15.002415
0 3 4 3 0 3 0 2 4 0 0 1 0 0 0 0 4 3 2 0 4 4 0 0 3 1 0 2 1 1 16.002436
0 3 4 3 0 3 0 2 4 0 0 1 0 0 0 0 4 3 2 0 4 4 0 0 3 1 0 2 1 1 17.002450
0 3 4 3 0 3 0 2 4 0 0 1 0 0 0 0 4 3 2 0 4 4 0 0 3 1 0 2 1 1 18.002614
0 3 4 3 0 3 0 2 4 0 0 1 0 0 0 0 4 3 2 0 4 4 0 0 0 1 0 2 1 1 19.002481
0 3 4 3 0 3 0 2 4 0 0 1 0 0 0 0 4 3 2 0 4 4 0 0 0 1 0 2 1 1 20.002305
0 3 4 3 0 3 0 2 4 0 0 1 0 0 0 0 4 3 2 0 4 4 0 0 0 1 0 2 1 1 21.002357
0 3 4 3 0 3 0 2 4 0 0 1 0 0 0 0 4 3 2 0 4 4 0 0 0 1 0 2 1 1 22.002329
0 3 4 3 0 3 0 2 4 0 0 1 0 0 0 0 4 3 4 0 4 4 0 0 0 1 0 2 1 1 23.002480
0 3 4 3 0 3 0 2 4 0 0 1 0 0 0 0 4 3 2 0 4 4 0 0 0 1 0 2 1 1 24.002258
0 3 4 3 0 3 0 2 4 0 0 1 0 0 0 0 4 3 4 0 4 4 0 0 0 1 0 2 1 1 25.002248
0 3 4 3 0 3 0 2 4 0 0 1 0 0 0 0 4 3 4 0 4 4 0 0 0 1 0 2 1 1 26.002277
0 3 4 3 0 3 0 2 4 0 0 1 0 0 0 0 4 3 4 0 4 4 0 0 0 1 0 2 1 1 27.002441
0 3 4 3 0 3 0 2 4 0 0 1 0 0 0 0 4 3 4 0 4 4 0 0 0 1 0 2 1 1 28.002463
0 3 4 3 0 3 4 2 4 0 0 1 0 0 0 0 4 3 4 0 4 4 0 0 0 1 0 2 1 1 29.002322
0 3 4 3 0 3 0 2 4 0 0 1 0 0 0 0 4 3 4 0 4 4 0 0 0 1 0 2 1 1 30.002295
0 3 4 3 0 3 0 2 4 0 0 1 0 0 0 0 4 3 4 0 4 4 0 0 0 1 0 2 1 1 31.002379
0 3 4 3 0 3 0 2 4 0 0 1 0 0 0 0 4 3 4 0 4 4 0 0 0 1 0 2 1 1 32.002387
0 3 4 3 0 3 0 2 4 0 0 1 0 0 0 0 4 3 4 0 4 4 0 0 0 1 0 2 1 1 33.002328
0 3 4 3 0 3 0 2 4 0 0 1 0 0 0 0 4 3 4 0 4 4 0 0 0 1 0 2 1 1 34.002337
0 3 4 3 0 3 0 2 4 0 0 1 0 0 0 0 4 3 4 0 4 4 0 0 0 1 0 2 1 1 35.002391
0 3 4 3 0 3 0 2 4 0 0 1 0 0 0 0 4 3 4 0 4 4 0 0 0 1 0 2 1 1 36.002498
0 3 4 3 0 3 0 2 4 0 0 1 0 0 0 0 4 3 4 0 4 4 0 0 0 1 0 2 1 1 37.003451
0 3 4 3 0 3 4 2 4 0 0 1 0 0 0 0 4 3 4 0 4 4 0 0 0 1 0 2 1 1 38.002995
0 3 4 3 0 3 4 2 4 0 0 1 0 0 0 0 4 3 4 0 4 4 0 0 0 1 0 2 1 1 39.002665
0 3 4 3 0 3 0 2 4 0 0 1 0 0 0 0 4 3 4 0 4 4 0 0 0 1 0 2 1 1 40.002718
0 3 4 3 0 3 0 2 4 0 0 1 0 0 0 0 4 3 4 0 0 4 0 0 0 1 0 2 1 4 41.003361
0 3 4 3 0 3 0 2 4 0 0 1 0 0 0 0 4 3 4 0 0 4 0 0 0 1 0 2 1 1 42.002802
0 3 4 3 0 3 0 2 4 0 0 1 0 0 0 0 4 3 2 0 0 4 0 0 0 1 0 2 1 1 43.002469
0 3 4 3 0 3 0 2 4 0 0 1 0 0 0 0 4 3 2 0 0 4 0 0 0 1 0 2 1 1 44.002545
0 3 4 3 0 3 0 2 4 0 0 1 0 0 0 0 4 3 4 0 0 4 0 0 0 1 0 2 1 4 45.003360
0 3 4 3 0 3 0 2 4 0 0 1 0 0 0 0 4 3 2 0 0 4 0 0 0 1 0 2 1 4 46.002745
0 3 4 3 0 3 0 2 4 0 0 1 0 0 0 0 4 3 2 0 0 4 0 0 0 1 0 2 1 1 47.002550
0 3 4 3 0 3 0 2 4 0 0 1 0 0 0 0 4 3 2 0 0 4 0 0 0 1 0 2 1 4 48.002455
0 3 4 3 0 3 0 2 4 0 0 1 0 0 0 0 4 3 2 0 0 4 0 0 0 1 0 2 1 4 49.002827
0 3 4 3 0 3 0 2 4 0 0 1 0 0 0 0 4 3 2 0 0 4 0 0 0 1 0 2 1 4 50.002693
0 3 4 3 0 3 0 2 4 0 0 1 0 0 0 0 4 3 2 0 0 4 0 0 0 1 0 2 1 1 51.002550
0 3 4 3 0 3 0 2 4 4 0 1 0 0 0 0 4 3 2 0 0 4 0 0 0 1 0 2 1 4 52.002370
0 3 4 3 0 3 0 2 4 4 0 1 0 0 0 0 4 3 2 0 0 4 0 0 0 1 0 2 1 1 53.002564
0 3 4 3 0 3 0 2 4 4 0 1 0 0 0 0 4 3 2 0 0 4 0 0 0 1 0 2 1 1 54.002961
0 3 4 3 0 3 0 2 4 4 0 1 0 0 0 0 4 3 2 0 0 4 0 0 0 1 0 2 1 1 55.002473
0 3 4 3 0 3 0 2 4 4 0 1 0 0 0 0 4 3 2 0 0 4 0 0 0 1 0 2 1 1 56.002476
0 3 4 3 0 3 0 2 4 4 0 1 0 0 0 0 4 3 2 0 0 4 0 0 0 1 0 2 1 1 57.002407
0 3 4 3 0 3 0 2 4 4 0 1 0 0 0 0 4 3 2 0 0 4 0 0 0 1 0 2 1 1 58.003013
0 3 4 3 0 3 0 2 4 4 0 1 0 0 0 0 4 3 2 0 0 4 0 0 0 1 0 2 1 1 59.002585
0 3 4 3 0 3 0 2 4 4 0 1 0 0 0 0 4 3 2 0 0 4 0 0 0 1 0 2 1 1 60.003861
0 3 4 3 0 3 0 2 4 4 0 1 0 0 0 0 4 3 2 0 0 4 0 0 0 1 0 2 1 1 61.003799
0 3 4 3 0 3 0 0 4 4 0 1 0 0 0 0 4 3 2 0 4 4 0 0 0 1 4 2 1 1 62.002381
0 3 4 3 0 3 0 2 4 4 0 1 0 0 0 0 4 3 2 0 0 4 0 0 0 1 4 2 1 1 63.002427
0 3 4 3 0 3 0 0 4 4 0 1 0 0 0 0 4 3 2 0 0 4 0 0 0 1 4 2 1 1 64.002443
0 3 4 3 0 3 0 0 4 4 0 1 0 0 0 0 4 3 2 0 0 4 0 0 0 1 4 4 1 1 65.002486
0 3 4 3 0 3 0 0 4 4 0 1 0 0 0 0 4 3 2 0 0 4 0 0 0 1 4 4 1 1 66.002328
0 3 4 3 0 3 0 0 4 4 0 0 0 0 0 0 4 3 2 0 0 4 0 0 0 1 4 4 1 1 67.002595
0 3 4 3 0 3 0 0 4 4 0 0 0 0 0 0 4 3 2 0 0 4 0 0 0 1 4 4 1 1 68.002374
0 3 4 3 0 3 4 0 0 4 0 1 0 0 0 0 4 3 2 0 0 4 0 0 0 1 4 4 1 1 69.002489
0 3 4 3 0 3 4 0 0 4 0 0 0 0 0 0 4 3 2 0 0 4 0 0 0 1 4 4 1 1 70.002315
0 3 4 0 0 3 4 0 0 4 0 0 0 0 0 0 4 3 2 0 0 4 0 0 0 1 4 4 1 1 71.002293
0 3 4 0 0 3 4 0 0 4 0 0 0 0 0 0 4 3 2 0 0 4 0 0 0 1 4 4 1 1 72.002374
0 3 4 0 0 3 4 0 0 4 0 0 0 0 0 0 4 3 2 0 0 4 0 0 0 1 4 4 1 1 73.002503
0 3 4 0 0 3 4 0 0 4 0 0 0 0 0 0 4 3 2 0 0 4 0 0 0 1 4 4 1 1 74.002333
0 3 4 0 1 3 4 0 0 4 0 1 0 0 0 0 4 3 2 0 0 4 0 0 0 1 4 4 1 1 75.002269
0 3 4 0 0 3 4 0 0 4 0 0 0 0 0 0 4 3 2 0 0 4 0 0 0 1 4 4 1 1 76.002261
0 3 4 0 1 3 4 0 0 4 0 0 0 0 0 0 4 3 2 0 0 4 0 0 0 1 4 4 1 1 77.002257
0 0 4 0 1 0 4 0 0 4 0 0 0 0 0 0 4 3 2 0 0 4 0 0 0 1 4 4 0 1 78.002287
0 3 4 0 1 0 4 0 0 4 0 0 0 0 0 0 4 3 2 0 0 4 0 0 0 1 4 4 0 1 79.002392
0 3 4 0 1 0 4 0 0 4 0 0 0 0 0 4 4 3 2 0 4 4 0 0 0 1 4 4 1 1 80.002986
0 0 4 0 1 0 4 0 0 4 0 1 0 0 0 4 4 3 2 0 0 4 0 0 0 1 4 4 1 1 81.002447
0 0 4 0 1 0 4 0 0 4 0 0 0 0 0 4 4 3 2 0 0 4 0 0 0 1 4 4 0 1 82.002407
0 0 4 0 1 0 4 0 0 4 0 1 0 0 0 4 4 3 2 0 0 4 0 0 0 1 4 4 1 1 83.002260
0 0 4 0 1 0 4 0 0 4 0 0 0 0 0 4 4 3 2 0 0 4 0 0 0 1 4 4 1 1 84.002310
0 0 4 0 1 0 4 0 0 4 0 1 0 0 4 4 4 3 2 0 0 4 0 0 0 1 4 4 1 1 85.002325
0 0 4 0 1 0 4 0 0 4 0 1 0 0 4 4 4 3 2 0 0 4 0 0 0 1 4 4 1 1 86.002372
0 0 4 0 1 0 4 0 0 4 0 1 0 0 4 4 4 3 2 0 0 4 0 0 0 1 4 4 1 1 87.002268
0 0 4 0 1 0 4 0 0 4 0 1 0 0 4 4 4 3 2 0 0 4 0 0 0 1 4 4 1 1 88.002308
0 0 4 0 1 0 4 0 0 4 0 1 0 0 4 4 4 3 2 0 0 4 0 0 0 1 4 2 0 1 89.002315
0 3 4 0 1 0 4 0 0 4 0 0 0 0 4 4 4 3 2 0 0 4 0 0 0 1 4 2 1 1 90.002368
0 0 4 0 1 0 4 0 4 4 0 1 0 0 4 4 4 3 2 0 0 4 0 0 0 1 4 4 1 1 91.002236
0 0 4 0 1 0 4 0 0 4 0 1 0 0 4 4 4 3 2 0 0 4 0 0 0 1 4 2 1 1 92.002285
0 0 4 0 1 0 4 0 4 4 1 1 0 0 4 4 4 3 2 0 0 4 0 0 0 1 4 2 1 1 93.002310
0 0 4 0 1 0 4 0 0 4 1 1 0 0 4 4 4 3 2 0 0 4 0 0 0 1 4 2 1 1 94.002232
0 0 4 0 1 0 4 0 0 4 1 1 0 0 4 4 4 3 2 0 0 4 0 0 0 1 4 2 1 1 95.002312
0 3 4 0 1 0 4 0 4 4 1 1 0 0 4 4 4 3 2 0 0 4 0 0 0 1 4 2 1 1 96.002183
0 0 4 0 1 0 4 0 0 4 1 1 0 0 4 4 4 3 2 0 0 0 0 0 0 1 4 2 1 1 97.002302
0 0 4 0 1 0 4 0 0 4 1 1 0 0 4 4 4 3 2 0 0 0 0 0 0 1 4 2 1 1 98.003346
0 0 4 0 1 0 4 0 4 4 1 1 0 0 4 4 4 3 2 0 0 0 0 0 0 1 4 2 1 1 99.002188
0 3 4 0 1 0 4 0 4 4 1 1 0 0 4 4 4 3 2 0 0 0 0 0 0 1 4 2 1 1 100.002339
0 0 4 0 1 0 4 0 4 4 1 1 0 0 4 4 4 3 2 0 0 0 0 0 0 1 4 2 1 1 101.002325
0 3 4 0 1 0 4 0 4 4 1 1 0 0 4 4 4 3 2 0 0 0 0 0 0 1 4 2 1 1 102.002191
0 3 4 0 1 0 4 0 4 4 1 1 0 0 4 4 4 3 2 0 0 0 0 0 0 1 4 2 1 1 103.002195
0 3 4 0 1 0 4 0 4 4 1 1 0 0 4 4 4 3 2 0 0 0 0 0 0 1 4 2 1 1 104.002213
0 3 4 0 1 0 3 0 4 3 1 1 3 0 4 4 4 3 2 2 0 0 2 0 2 1 3 2 1 1 105.002145
0 0 4 0 1 0 3 0 4 3 1 1 3 1 4 4 4 3 2 2 3 2 2 1 2 0 3 2 1 1 106.002132
2 0 1 0 1 0 3 0 4 3 1 1 3 1 4 4 1 3 2 2 3 2 2 1 2 1 3 2 1 1 107.002856
2 3 1 2 1 0 3 0 4 3 1 1 3 1 4 4 4 3 2 0 3 2 2 1 2 1 3 2 1 1 108.005237
2 0 1 0 1 0 3 0 4 3 1 1 3 1 4 4 1 3 2 0 3 2 2 1 2 1 3 2 1 1 109.005015
2 3 1 2 1 0 3 0 4 3 1 1 3 1 4 4 1 3 2 2 3 2 2 1 2 1 3 2 1 1 110.004117
2 3 1 2 1 0 3 0 4 3 1 0 3 1 4 4 1 3 2 2 3 2 2 1 2 1 3 2 0 1 111.003075
2 3 1 2 1 0 3 0 4 3 1 1 3 1 4 4 1 3 2 0 3 2 2 1 2 1 3 2 1 1 112.002806
2 3 1 2 0 0 3 0 4 3 1 0 3 1 4 4 4 3 2 0 3 2 2 1 2 1 3 2 1 1 113.002810
2 3 1 2 1 0 3 0 4 3 1 1 3 1 4 4 4 3 2 0 3 2 2 1 2 1 3 2 0 1 114.002697
2 3 1 2 0 0 3 0 4 3 1 0 3 1 4 4 4 3 2 0 3 2 2 1 2 1 3 2 1 4 115.002833
2 3 4 2 0 0 4 0 4 3 1 0 3 1 4 4 4 3 2 0 3 2 2 0 2 1 3 2 0 1 116.003255
2 3 1 2 0 0 3 0 4 3 1 0 3 1 4 4 4 3 2 0 3 2 2 1 2 1 3 2 0 1 117.002737
2 3 4 2 0 0 3 0 4 3 1 0 3 1 4 4 4 3 2 0 3 2 2 1 2 1 3 2 0 1 118.002678
2 3 4 2 0 0 3 0 4 3 1 0 3 1 4 4 4 3 2 0 3 2 2 1 2 0 3 2 0 4 119.002794
2 3 1 2 0 0 4 0 4 3 1 0 3 1 4 4 4 3 2 0 3 2 2 0 2 1 3 2 0 1 120.002768
2 3 1 2 0 0 4 0 4 4 1 0 3 1 4 4 4 4 2 0 3 2 2 0 2 1 3 2 0 4 121.002731
2 3 4 2 0 0 3 0 4 3 1 0 3 1 4 4 4 3 2 0 3 0 2 1 2 1 3 2 0 4 122.002863
2 4 4 2 0 0 3 0 4 3 1 0 3 1 4 4 4 4 2 0 3 2 2 1 2 1 3 2 0 4 123.002981
2 3 1 2 0 0 4 0 4 3 1 0 3 1 4 4 4 4 2 0 3 2 2 0 2 1 3 2 0 4 124.003730
2 4 4 2 0 0 4 0 4 3 1 0 3 1 4 4 4 4 2 0 3 2 0 1 2 1 3 2 0 4 125.003786
2 3 4 2 0 0 4 0 4 3 1 0 3 1 4 4 4 4 2 0 3 2 0 0 2 1 3 2 0 4 126.003769
2 3 4 2 0 0 3 0 4 3 1 0 3 1 4 4 4 4 2 0 3 2 0 0 2 1 3 2 0 4 127.003695
2 3 4 2 0 0 4 0 4 3 1 0 3 1 4 4 4 4 2 0 3 0 0 0 2 1 3 2 0 4 128.004572
2 3 4 2 0 0 4 0 4 3 1 0 3 1 4 4 4 4 2 0 3 2 0 0 2 1 3 2 0 4 129.003368
0 3 4 2 0 0 4 0 4 3 1 0 3 1 4 4 4 4 2 0 3 0 0 0 2 1 3 2 0 4 130.003220
0 3 4 2 0 0 4 0 4 3 1 0 3 1 4 0 4 4 2 0 3 0 0 0 2 1 3 2 0 4 131.002619
0 3 4 2 0 0 4 0 4 3 0 0 3 1 4 0 4 4 2 0 3 0 0 0 2 1 3 2 0 4 132.002518
0 3 4 2 0 0 4 0 4 3 1 0 3 1 4 0 4 4 0 0 3 0 4 0 0 1 3 2 0 4 133.002382
0 3 4 2 0 0 4 0 4 3 1 0 3 1 4 0 4 4 2 0 3 0 4 0 2 1 3 2 0 4 134.002286
0 4 4 2 0 0 4 0 4 3 0 0 3 1 4 0 4 3 2 0 3 0 4 0 0 1 3 2 0 4 135.002274
0 4 4 2 0 0 4 4 4 3 0 0 3 1 4 0 4 4 0 0 3 0 4 0 0 1 3 2 0 4 136.002247
0 4 4 2 0 0 4 4 4 3 0 0 3 1 4 0 4 4 2 0 3 0 4 0 0 1 3 2 0 4 137.002282
0 4 4 2 0 0 4 4 4 3 0 0 3 1 4 0 4 4 2 0 3 0 4 0 0 0 3 2 0 4 138.002265
0 4 4 2 0 0 4 4 4 3 0 0 3 1 4 0 4 3 0 0 3 2 4 0 0 1 3 2 0 4 139.002293
4 4 4 2 0 0 4 4 4 3 0 0 3 1 4 0 4 3 0 0 3 2 4 0 0 1 3 2 0 4 140.002362
4 4 4 2 0 0 4 4 4 3 0 0 3 1 4 0 4 3 0 0 3 2 4 0 0 0 3 0 0 4 141.002518
4 4 4 2 0 0 4 4 4 3 0 0 3 1 4 0 4 4 0 0 3 2 4 0 0 0 3 2 0 4 142.002679
4 4 4 2 0 0 4 4 4 3 0 0 3 1 4 0 4 3 0 0 3 2 4 0 0 0 3 0 0 4 143.002613
4 4 4 2 0 0 4 4 4 3 0 0 3 1 4 0 4 3 0 0 3 2 4 0 0 0 3 0 0 4 144.002484
4 4 4 2 0 0 4 4 4 3 0 0 3 1 4 0 4 3 0 0 3 2 4 0 0 0 3 0 0 4 145.002336
4 4 4 2 0 0 4 4 4 3 0 0 3 0 4 0 4 3 0 0 3 2 4 0 0 0 3 0 0 4 146.002345
4 4 4 2 0 0 4 4 4 3 0 0 3 1 4 0 4 3 0 0 3 2 4 0 0 0 3 0 0 4 147.002289
4 4 4 2 0 0 4 4 4 3 0 0 3 0 4 0 4 3 0 0 3 2 4 0 0 0 3 0 0 4 148.002281
4 4 4 0 0 0 4 4 4 3 0 0 3 0 4 0 4 3 0 0 3 2 4 0 0 0 3 0 0 4 149.002263
4 4 4 2 0 0 4 4 4 3 0 0 3 0 4 0 4 3 0 0 3 2 4 0 0 0 3 0 0 4 150.002325
4 3 4 2 0 0 4 4 4 3 0 0 3 4 4 0 4 3 0 0 3 2 4 0 0 0 3 0 0 4 151.002269
4 3 4 0 0 0 3 4 4 3 0 0 3 4 4 0 4 3 0 0 3 2 4 1 4 0 3 0 0 4 152.002191
4 3 4 0 0 0 3 4 4 3 0 0 3 4 4 0 4 3 0 0 3 2 4 1 4 0 3 0 0 4 153.002227
4 3 4 0 0 0 4 4 4 3 0 0 3 4 4 0 4 3 0 0 3 2 4 1 4 0 3 0 0 4 154.002272
4 3 4 0 0 0 4 4 4 0 0 0 3 4 4 0 4 3 0 0 3 2 4 1 4 0 3 0 0 4 155.002187
4 3 4 0 0 0 4 4 4 0 0 0 3 4 4 0 4 3 0 0 3 2 4 1 4 0 3 0 0 4 156.002173
4 3 4 0 0 0 4 4 4 0 0 0 3 4 4 0 4 3 0 0 3 2 4 1 4 0 3 0 0 4 157.002594
4 3 4 0 0 0 3 4 4 0 0 0 3 4 4 0 4 3 2 0 3 2 4 1 4 0 3 0 0 4 158.002528
4 3 4 0 0 0 3 4 4 0 0 0 3 4 4 0 4 3 0 0 3 2 4 1 4 0 3 0 0 4 159.002401
4 3 4 0 0 0 3 4 4 0 0 0 3 4 4 0 4 3 2 0 3 2 4 1 4 0 3 0 0 4 160.002276
4 3 4 0 0 0 3 4 4 0 0 0 3 4 4 0 4 3 0 0 3 2 4 1 4 1 3 0 0 4 161.002872
4 3 4 0 0 0 3 4 4 0 0 0 3 4 4 0 4 3 2 0 3 2 4 1 4 0 3 0 0 0 162.002460
4 3 4 0 0 0 3 4 4 0 0 0 3 4 4 0 4 3 0 0 3 2 4 1 4 1 3 0 0 0 163.002416
4 3 4 0 0 0 3 4 4 0 0 0 3 4 4 0 4 3 0 0 3 2 4 1 4 0 3 0 0 0 164.002283
4 3 4 0 0 0 3 4 4 0 0 0 3 4 4 0 4 3 0 0 4 2 4 1 4 1 3 0 0 0 165.002280
4 3 4 0 0 0 3 4 4 0 0 0 3 4 4 0 4 3 0 0 3 2 4 1 4 1 3 0 0 0 166.002452
4 3 4 0 0 0 3 4 4 0 0 0 3 4 4 0 4 3 0 0 3 2 4 1 4 1 3 0 0 0 167.002349
4 3 4 0 0 0 3 4 4 0 0 0 3 4 4 0 4 3 0 0 3 2 4 1 4 1 3 0 0 0 168.002319
4 3 4 0 0 0 3 4 4 0 0 0 3 4 4 0 4 4 0 0 3 2 4 1 4 1 3 0 0 0 169.002356
4 3 4 0 0 0 3 4 0 0 0 0 4 4 4 0 4 4 0 0 4 2 4 1 4 1 3 0 0 0 170.002360
4 3 4 0 0 0 3 4 4 0 0 0 4 4 4 0 4 3 0 0 4 2 4 1 4 1 3 0 0 0 171.002337
4 3 4 0 0 0 4 4 4 0 0 0 4 4 4 0 4 4 0 0 4 2 4 1 4 1 3 0 0 0 172.002234
4 3 4 0 0 0 4 4 4 0 1 0 4 4 4 0 4 3 0 0 4 2 4 1 4 1 3 0 0 0 173.002307
4 3 4 0 0 0 3 4 0 0 1 0 4 4 4 0 4 4 0 0 4 2 4 1 4 1 3 0 0 0 174.002298
4 3 4 0 0 0 4 4 4 0 1 0 4 4 4 0 4 3 0 0 4 2 4 1 4 1 3 0 0 0 175.002173
4 3 4 0 0 0 3 4 4 0 1 0 4 4 4 0 4 4 0 0 4 2 4 1 4 1 3 0 0 0 176.002164
4 3 4 0 0 0 3 4 4 0 1 0 4 4 4 0 4 4 0 0 4 2 4 1 4 1 3 0 0 0 177.002146
4 3 4 0 0 0 4 4 4 0 1 0 4 4 4 0 4 3 0 0 4 2 4 1 4 1 3 0 0 0 178.002228
4 3 4 0 0 0 3 4 4 0 1 0 4 4 4 0 4 4 0 0 4 2 4 1 4 1 3 0 0 0 179.002279
4 3 4 0 0 0 4 4 4 0 1 0 4 4 4 0 4 4 0 0 4 2 4 1 4 1 3 0 0 0 180.002185
4 3 4 0 0 0 4 4 4 0 1 0 4 4 4 0 4 4 0 0 4 2 4 1 4 1 3 0 0 0 181.002179
4 3 4 0 0 0 4 4 4 0 1 0 4 4 4 0 4 4 0 0 4 2 4 1 4 1 3 0 0 0 182.002236
4 3 4 0 0 0 4 4 4 0 1 0 4 4 4 0 4 4 0 0 4 2 0 1 4 1 3 0 0 0 183.002350
4 3 4 0 0 0 4 4 4 0 1 0 4 4 4 0 4 4 0 0 4 2 0 1 4 1 3 0 0 0 184.002371
4 3 4 0 0 0 4 4 4 0 0 0 4 4 4 0 4 3 0 0 4 2 0 1 4 1 3 0 0 0 185.002359
4 3 4 0 0 0 4 4 4 0 1 0 4 4 4 0 4 4 0 0 4 2 0 1 4 1 3 0 0 0 186.002435
0 3 4 0 0 0 4 4 4 0 1 0 4 4 4 0 4 4 0 0 4 2 0 1 4 1 3 0 0 0 187.002336
0 3 4 0 0 0 4 4 4 0 1 0 4 4 4 0 4 4 0 0 4 2 0 1 4 1 3 0 0 0 188.002396
0 3 4 0 0 0 4 4 4 0 1 0 4 4 4 0 4 4 0 0 4 2 0 1 4 1 3 0 0 0 189.002206
0 3 4 0 0 0 4 4 0 0 1 0 4 4 4 0 4 4 0 0 4 2 0 1 4 1 3 0 0 0 190.002222
0 3 4 0 0 0 4 4 0 0 1 0 4 4 4 0 4 4 0 0 4 2 0 1 4 1 3 0 0 0 191.002240
0 3 4 0 0 0 0 4 0 0 1 0 4 4 0 0 4 4 0 0 4 2 0 1 4 1 3 0 0 0 192.002298
0 3 4 0 0 0 0 4 4 0 1 0 4 4 0 0 4 4 0 0 4 2 0 1 4 1 3 0 0 0 193.002280
0 3 4 0 0 0 0 4 4 0 1 0 4 4 0 0 4 4 0 0 4 2 0 1 4 1 3 0 0 0 194.002208
0 3 4 0 0 0 0 4 4 0 1 0 4 4 0 0 4 4 0 0 4 2 0 1 4 1 3 0 0 0 195.002224
0 3 4 0 0 0 0 4 4 0 1 0 4 4 0 0 4 4 0 0 4 2 0 1 4 1 3 0 0 0 196.002481
0 3 4 0 0 0 0 4 4 0 1 0 4 4 0 0 4 4 0 0 4 2 0 1 4 1 3 0 0 0 197.002462
0 3 4 0 0 0 0 4 0 0 1 0 4 4 0 0 4 4 0 0 4 2 0 1 4 1 3 0 0 0 198.002271
0 3 4 0 0 0 0 4 4 0 1 0 4 4 0 0 4 4 0 0 4 2 0 1 4 1 3 0 0 0 199.002252
0 3 4 0 0 0 0 4 4 0 1 0 4 4 0 0 4 4 0 0 4 2 0 1 4 1 3 0 0 0 200.002325
0 3 4 0 0 0 0 4 4 0 1 0 4 4 0 0 4 4 0 0 4 2 0 1 4 1 3 0 0 0 201.002291
0 3 4 0 4 0 0 4 4 0 1 0 4 4 0 0 4 4 0 0 4 2 0 1 4 1 3 0 0 0 202.002340
0 3 4 0 4 0 0 4 4 0 1 0 4 4 0 0 4 4 0 0 4 2 0 1 4 1 3 0 0 0 203.002265
0 3 4 0 4 0 0 4 4 0 1 0 4 4 0 0 4 4 0 0 4 2 0 1 4 1 3 0 0 0 204.002260
0 3 4 0 4 0 0 4 4 0 1 0 4 4 0 0 4 4 0 0 4 2 0 1 4 1 3 0 0 0 205.002196
0 3 4 0 4 0 0 4 4 0 1 0 4 4 0 0 4 4 0 0 4 2 0 1 4 1 3 0 0 0 206.002447
0 3 4 0 4 0 0 4 4 0 1 4 4 4 0 0 4 4 0 0 4 2 0 1 4 1 3 0 0 0 207.002355
0 3 4 0 4 0 0 4 0 0 1 4 4 4 0 0 4 0 0 0 4 2 0 1 4 1 3 0 0 0 208.002323
0 3 4 0 4 0 0 4 4 0 1 4 4 4 3 2 4 0 0 0 4 2 0 1 4 1 3 0 0 0 209.002279
0 3 4 0 4 0 0 4 4 0 1 4 4 4 3 2 4 0 0 1 4 2 0 1 4 1 3 0 0 0 210.002266
0 3 4 0 4 0 0 4 4 0 1 4 4 4 3 2 4 0 1 1 4 2 0 1 4 1 3 0 0 0 211.002147
0 3 4 0 4 0 0 4 0 0 1 4 4 4 3 2 4 0 1 1 4 2 0 1 4 1 3 0 0 0 212.002275
0 3 4 0 4 0 0 4 4 0 1 4 4 4 3 2 4 0 1 1 4 2 0 1 4 1 3 0 0 0 213.002163
0 3 4 1 4 0 2 4 4 0 1 4 4 4 3 2 4 0 1 1 4 2 0 1 4 1 3 0 0 0 214.002190
0 3 4 1 4 0 2 4 4 0 1 4 4 4 3 2 4 0 1 1 4 2 0 1 4 1 3 4 0 0 215.002138
0 0 4 1 4 0 2 0 0 0 1 4 4 4 3 2 4 0 1 0 4 2 0 1 4 1 3 4 0 0 216.002169
0 3 4 1 4 0 2 0 4 0 2 4 4 4 3 2 4 0 1 0 4 2 0 1 4 1 3 4 0 0 217.002357
0 4 4 1 4 0 2 0 4 0 1 4 4 4 3 2 4 0 1 0 4 2 0 1 4 1 3 4 0 0 218.002098
0 4 4 1 4 0 2 0 4 0 2 4 4 4 3 2 4 0 1 0 4 2 0 1 4 1 3 4 0 0 219.002202
0 4 4 1 4 0 2 0 4 0 1 4 4 4 3 2 4 0 1 0 4 2 0 1 4 1 3 4 0 0 220.002515
0 4 4 1 4 0 2 0 4 0 1 4 4 4 3 2 4 0 1 0 4 2 0 1 4 1 3 4 0 0 221.002871
0 4 4 1 4 0 2 0 4 0 2 4 4 4 3 2 4 0 1 0 4 0 0 1 4 1 3 4 0 0 222.002340
0 4 4 1 4 0 2 0 4 0 0 4 4 4 3 2 4 0 1 0 4 2 0 1 4 1 3 4 0 0 223.002279
0 4 4 1 4 0 2 0 4 0 0 4 4 4 3 2 4 0 1 0 4 2 0 1 4 1 3 4 0 0 224.002446
0 4 4 1 4 0 2 0 4 0 2 4 4 4 3 2 4 0 1 0 4 2 0 1 4 1 3 4 0 0 225.002781
0 4 4 1 4 0 2 0 4 0 2 4 4 4 3 2 4 0 1 0 4 0 0 1 4 1 0 4 0 1 226.002188
0 4 4 1 4 0 2 0 4 0 0 4 4 4 3 2 4 0 1 0 4 0 0 1 4 1 3 4 0 1 227.002261
0 4 4 1 4 0 2 0 4 0 0 4 4 4 3 2 4 0 1 0 4 0 0 1 4 1 3 4 0 1 228.002156
0 4 4 1 4 0 2 0 4 0 0 4 4 4 3 2 4 0 1 0 4 2 0 1 4 1 0 4 0 1 229.002190
0 4 4 1 4 0 2 0 4 0 0 4 4 4 3 2 4 0 1 0 4 2 0 1 4 1 3 4 0 1 230.002080
0 4 4 1 4 0 2 0 4 0 0 4 4 4 3 2 4 0 1 0 4 2 0 1 4 1 0 4 0 1 231.002529
0 4 4 1 4 0 2 0 4 0 0 4 4 4 3 2 4 0 1 0 4 0 0 1 4 1 0 4 0 1 232.002333
0 4 4 1 4 0 2 2 4 0 2 4 4 4 3 2 4 0 1 0 4 2 0 1 4 1 0 4 0 1 233.002120
0 4 4 1 4 0 2 2 4 0 2 4 4 4 3 2 4 0 1 0 4 0 0 1 4 1 0 4 0 1 234.002222
0 4 4 1 4 0 2 2 4 0 2 4 4 4 3 2 4 0 0 0 4 0 0 1 4 1 0 4 4 1 235.002105
0 4 4 1 4 0 2 2 4 0 2 4 4 4 3 2 4 0 0 0 4 0 0 1 4 1 0 4 4 1 236.002126
0 4 4 1 4 0 2 2 4 0 2 4 4 4 3 2 4 0 0 0 4 0 0 1 4 1 0 4 4 1 237.002063
4 4 4 1 4 0 2 2 4 0 2 4 4 4 3 2 4 0 0 0 4 0 4 1 4 1 0 4 4 1 238.002204
4 4 4 1 4 0 2 2 4 0 2 4 4 4 3 2 4 0 0 0 4 0 4 1 4 0 0 4 4 1 239.002306
4 4 4 1 4 0 2 2 4 0 0 4 4 4 3 2 4 0 0 0 4 0 4 1 4 1 0 4 4 1 240.002127
4 4 4 1 4 0 2 2 4 0 2 4 4 4 3 2 4 0 0 0 4 0 4 1 4 0 0 4 4 1 241.002159
4 4 4 1 4 0 2 2 4 0 2 4 4 4 3 2 4 0 0 0 4 0 4 1 4 0 0 4 4 1 242.002149
4 4 4 1 4 0 2 2 4 0 2 4 4 4 3 2 4 0 0 0 4 0 4 1 4 0 0 4 4 1 243.002125
4 4 4 1 4 0 2 2 4 0 2 4 4 4 3 2 4 0 0 0 4 0 4 1 4 0 0 4 4 1 244.002133
4 4 4 1 4 0 2 2 4 0 2 4 4 4 3 2 4 0 0 0 4 0 4 1 4 0 0 4 4 1 245.002453
4 4 4 1 4 0 2 2 4 0 2 4 4 4 3 2 4 0 0 0 4 0 4 1 4 0 0 4 4 1 246.002392
4 4 4 1 4 0 2 2 4 0 2 4 4 4 3 2 4 0 0 0 4 0 4 1 4 0 0 4 4 1 247.002169
4 0 4 1 4 0 2 2 4 0 2 4 4 4 3 2 4 0 0 0 4 4 4 1 4 0 0 4 4 1 248.002176
4 0 4 1 4 0 2 2 4 0 2 4 4 4 3 2 4 0 0 0 0 4 4 1 4 0 0 4 4 1 249.002136
4 0 4 1 4 0 2 2 4 0 2 4 4 4 3 2 4 0 0 0 0 4 4 1 4 0 0 4 4 1 250.002121
4 0 4 1 4 0 2 2 4 0 2 4 4 4 3 2 4 0 0 0 0 4 4 1 4 0 0 4 4 1 251.002114
4 4 4 1 4 0 2 2 4 0 2 4 4 4 3 2 4 0 0 0 4 4 4 1 4 0 0 4 4 1 252.002156
4 0 4 1 4 0 2 2 4 0 2 4 4 4 3 2 4 0 0 0 0 4 4 1 4 0 0 4 4 1 253.002262
4 0 4 1 4 0 2 2 4 0 2 4 4 4 3 2 4 0 0 0 0 4 4 1 4 0 0 4 4 1 254.002281
4 0 4 1 4 0 0 2 0 0 2 4 4 4 3 2 4 0 0 0 4 4 4 1 4 0 0 4 4 1 255.002192
4 0 4 1 4 0 0 2 0 0 2 4 0 4 3 0 4 0 0 0 0 4 4 1 4 0 0 4 4 1 256.002411
4 0 4 1 4 0 0 2 4 0 2 4 4 4 3 2 4 0 0 0 4 4 4 1 4 0 0 4 4 1 257.002194
4 0 4 1 4 0 0 2 4 0 2 4 0 4 3 2 4 0 0 0 0 4 4 1 4 0 0 4 4 1 258.002161
4 0 4 1 4 0 0 2 4 0 2 4 0 4 3 0 4 0 0 0 4 4 4 1 4 0 0 4 4 1 259.002791
4 0 4 1 4 0 0 2 4 0 2 4 0 4 3 0 4 0 0 0 0 4 4 1 4 0 0 4 4 1 260.002396
4 0 4 1 4 0 0 2 4 0 2 4 0 4 3 0 4 0 0 0 0 4 4 1 4 0 0 4 4 1 261.002278
4 0 4 1 4 0 0 2 4 0 2 4 0 4 3 0 4 0 0 0 0 4 4 1 4 0 0 4 4 1 262.002494
4 0 4 1 4 0 0 2 4 0 2 4 4 4 3 0 4 0 0 0 0 4 4 1 4 0 0 4 4 1 263.002202
4 0 4 1 4 0 0 2 4 0 2 4 0 4 3 4 4 0 0 0 0 4 4 1 4 0 0 4 4 1 264.002251
4 0 4 1 4 0 0 2 4 0 2 4 0 4 3 4 4 0 0 0 0 4 4 1 4 0 0 4 4 1 265.002261
4 0 4 1 4 0 0 2 4 0 2 4 0 4 3 4 4 0 0 0 0 4 4 1 4 0 0 4 4 1 266.003488
4 0 4 1 4 0 0 2 0 0 2 4 0 4 3 4 4 0 0 0 0 4 4 1 4 0 0 4 4 1 267.003714
4 0 4 1 4 0 0 2 0 0 2 4 0 4 3 4 4 0 0 0 0 4 4 1 4 0 0 4 4 1 268.003593
4 0 4 1 4 0 0 2 0 0 2 4 0 4 3 4 4 0 0 0 0 4 4 1 4 0 0 4 4 1 269.003429
4 0 4 1 4 0 0 2 0 0 2 4 0 4 3 4 4 0 0 0 0 4 4 1 4 0 0 4 4 1 270.002310
4 0 4 1 4 0 0 2 0 0 2 4 0 4 3 4 4 0 0 0 0 4 4 1 4 0 0 4 4 1 271.002246
4 0 4 1 4 0 0 2 0 0 2 4 0 4 3 4 4 0 0 0 0 4 4 1 4 0 0 4 4 1 272.002412
4 0 4 1 4 0 0 2 0 0 2 4 0 4 3 4 4 0 0 0 0 4 4 1 4 0 0 4 4 1 273.002268
4 0 4 0 4 0 0 2 0 0 2 4 0 4 3 4 4 0 0 0 0 4 4 1 4 0 0 4 4 1 274.002418
4 0 4 0 4 0 0 0 0 0 2 4 0 4 3 4 4 0 0 0 0 4 4 1 4 0 0 4 4 1 275.002210
4 0 4 0 4 0 0 0 0 0 2 4 0 4 3 4 4 0 0 0 0 4 4 1 4 0 0 4 4 1 276.002287
4 0 4 0 4 0 0 0 0 0 2 4 0 4 3 4 4 0 0 0 0 4 4 1 4 0 0 4 4 1 277.002269
4 0 4 0 4 0 0 0 0 0 2 4 0 4 3 4 4 0 0 0 0 4 4 1 4 0 0 4 4 1 278.002258
4 0 4 0 4 0 0 0 0 4 2 4 0 4 3 4 4 0 0 0 0 4 4 1 4 0 0 4 4 1 279.002397
4 0 4 0 4 0 0 0 0 4 2 4 0 4 3 4 4 0 0 0 4 4 4 1 0 0 0 4 4 1 280.002246
4 0 4 0 4 0 0 0 0 4 2 4 0 4 3 4 4 0 0 0 0 4 4 1 0 0 0 4 4 1 281.002539
4 0 4 0 4 0 0 0 0 4 2 4 0 4 3 4 4 0 0 0 0 4 4 1 0 0 0 4 4 1 282.003090
4 0 4 0 4 0 0 0 0 4 0 4 0 4 3 4 4 0 0 0 0 4 4 1 0 0 0 4 4 1 283.002759
4 0 4 0 4 0 0 0 0 4 0 4 0 4 3 4 4 0 0 0 0 4 4 1 0 0 0 4 4 1 284.002601
4 0 4 0 4 0 0 0 0 4 0 4 0 4 3 4 4 0 0 0 0 4 4 1 0 0 0 4 4 1 285.002511
4 0 4 0 4 0 0 0 0 4 2 4 0 4 3 4 4 0 0 0 0 4 4 1 0 0 0 4 4 1 286.002320
4 0 4 0 4 0 0 0 0 4 0 4 0 4 3 4 4 0 0 0 0 4 4 1 0 0 0 4 4 1 287.002427
4 0 4 0 4 0 0 0 0 4 0 4 0 4 3 4 4 0 0 0 0 4 4 1 0 0 0 4 4 1 288.002311
4 0 4 0 4 0 0 0 0 4 0 4 0 4 3 4 4 0 0 0 0 4 4 1 0 0 0 4 4 1 289.002210
4 0 4 0 4 0 0 0 0 4 0 4 0 4 3 4 4 0 0 0 0 4 4 1 0 0 0 4 4 1 290.002217
4 0 4 0 4 0 0 0 0 4 0 4 0 4 3 4 4 0 0 0 0 4 4 1 0 0 0 4 4 1 291.002288
4 0 4 0 4 0 0 0 0 4 0 4 0 4 3 4 4 0 0 0 0 4 4 1 0 0 0 4 4 1 292.002348
4 0 4 0 4 0 0 0 0 4 0 4 0 4 3 4 4 0 0 0 0 4 4 1 0 0 0 4 4 1 293.002323
4 0 4 0 4 0 0 0 0 4 0 4 0 4 3 4 4 0 0 0 0 4 4 1 0 0 0 4 4 1 294.002327
4 0 4 0 4 0 0 0 0 4 0 4 0 4 3 4 4 0 0 0 0 4 4 1 0 0 0 4 4 1 295.002241
4 0 4 0 4 0 0 0 0 4 0 4 0 4 3 4 4 0 0 0 0 0 4 1 0 0 0 4 4 1 296.002283
4 0 4 0 4 0 0 0 0 4 0 4 0 4 3 4 4 0 0 0 0 0 4 1 0 0 0 4 4 1 297.002204
4 0 4 0 4 0 0 0 0 4 0 4 0 4 3 4 4 0 0 0 0 0 4 1 0 0 0 4 4 1 298.002474
4 0 4 0 4 0 0 0 0 4 0 4 0 0 3 4 4 0 0 0 0 0 4 1 0 0 0 0 4 0 299.002924
4 0 4 0 4 0 0 0 0 4 0 4 0 4 3 4 4 0 0 0 4 0 4 1 0 0 0 0 4 0 300.002297
4 0 4 0 4 0 0 0 0 4 0 4 0 0 3 4 4 0 0 0 4 0 4 1 0 0 0 0 4 0 301.002344
4 0 4 0 4 0 0 0 0 4 0 4 0 0 3 4 4 0 0 0 4 0 4 1 0 0 0 0 4 0 302.002384
4 0 4 0 4 0 0 0 0 4 0 4 0 0 3 4 4 0 0 0 4 0 4 1 0 0 0 0 4 0 303.002381
4 0 4 0 4 0 0 0 0 4 0 4 0 0 3 4 4 0 0 0 4 0 4 1 0 0 0 0 4 0 304.002433
4 0 4 0 4 0 0 0 0 4 0 4 4 0 3 4 4 0 0 0 4 0 4 1 0 0 0 0 4 0 305.002578
4 0 4 0 4 0 0 0 0 4 0 4 4 0 3 4 4 0 0 0 4 0 4 0 0 0 0 0 4 0 306.002335
4 0 4 0 4 0 0 0 0 4 0 4 4 0 3 4 4 0 0 0 4 0 4 0 0 0 0 0 4 0 307.002307
4 0 4 0 4 0 0 0 0 4 0 4 4 0 3 4 4 0 0 0 4 0 4 0 0 0 0 0 4 0 308.002293
4 0 4 0 4 0 0 0 0 4 0 4 4 0 3 4 4 0 0 0 4 0 4 0 0 0 0 0 4 0 309.002283
4 0 4 0 4 0 0 0 0 4 0 4 4 0 3 4 4 0 0 0 4 0 4 0 0 0 0 0 0 0 310.002486
4 0 4 0 4 0 0 0 0 4 0 4 4 0 3 4 4 0 0 0 4 0 4 0 0 0 0 0 0 0 311.002365
4 0 4 0 4 0 0 0 0 4 0 4 4 0 3 4 4 0 0 0 4 0 4 0 0 0 0 0 0 0 312.002360
4 0 4 0 3 0 0 0 0 4 3 4 4 0 3 4 4 0 0 0 4 3 4 0 0 0 0 0 0 0 313.002328
4 0 4 0 0 0 0 1 0 4 3 4 4 0 3 4 3 0 3 3 4 3 4 0 0 0 0 0 0 0 314.003284
4 1 4 0 3 0 1 1 0 4 3 4 4 0 3 4 3 0 3 3 4 3 4 0 0 4 0 0 0 1 315.003422
4 1 4 0 0 0 0 1 0 4 3 4 4 0 3 4 3 0 3 3 4 3 4 0 4 4 0 0 0 1 316.003243
4 1 4 0 3 0 0 1 0 4 3 4 4 0 3 4 3 1 3 3 4 3 4 0 4 4 0 0 0 1 317.002590
4 0 4 0 3 0 1 0 0 4 3 4 4 0 3 4 3 1 3 3 4 3 4 0 4 4 0 0 0 1 318.002266
4 1 4 0 3 0 1 1 0 4 3 4 4 0 3 4 3 0 3 3 4 3 4 0 4 4 0 0 0 1 319.002191
4 1 4 0 3 0 1 1 0 4 3 4 4 0 3 4 3 1 3 3 4 3 4 0 4 4 0 0 0 1 320.002575
4 1 4 0 3 0 1 1 0 4 3 4 4 0 3 4 3 1 3 3 4 3 4 0 4 4 0 0 0 1 321.002197
4 1 4 0 3 0 0 1 0 4 3 4 4 0 3 4 3 1 3 3 4 3 4 0 4 4 0 0 0 1 322.002429
4 1 4 0 3 0 1 1 0 4 3 4 4 0 3 4 3 1 3 3 4 3 4 0 4 4 0 0 0 1 323.002259
4 1 4 0 3 0 1 1 0 4 3 4 4 0 3 4 3 1 3 3 4 3 4 0 4 4 0 0 0 1 324.002150
4 1 4 0 3 0 0 1 0 4 3 4 4 0 3 4 3 1 3 3 4 3 4 0 4 4 0 0 0 1 325.002494
4 1 4 0 3 0 1 0 0 4 3 4 4 0 3 2 3 1 3 3 4 3 4 0 4 4 0 0 0 1 326.002108
4 1 4 0 3 0 1 1 0 4 3 4 4 0 3 4 3 1 3 3 4 3 4 0 4 4 0 0 0 1 327.002135
4 1 4 0 3 0 1 1 0 4 3 0 4 0 0 2 3 1 3 3 4 3 4 0 4 4 0 0 0 1 328.002363
4 1 4 0 3 0 1 1 0 4 3 0 4 0 0 2 3 1 3 3 4 3 4 0 4 4 0 0 0 1 329.002331
4 1 4 0 3 0 1 1 0 4 3 0 4 0 0 4 3 1 3 3 4 3 4 0 4 4 0 0 0 1 330.002282
4 1 4 0 3 0 1 1 0 4 3 0 3 0 0 2 3 1 3 3 3 3 4 0 4 4 0 0 0 1 331.002218
4 1 4 0 3 0 0 1 0 4 3 0 3 0 0 2 3 1 3 3 3 3 4 0 4 4 0 0 0 1 332.002273
4 1 4 2 3 0 0 1 0 4 3 0 3 0 0 2 3 1 3 3 3 3 4 0 4 4 0 0 0 1 333.002219
4 1 4 2 3 0 0 1 0 4 3 0 3 0 0 2 3 1 3 3 3 3 4 0 4 4 0 0 0 1 334.002237
4 1 4 2 3 0 1 1 0 4 3 1 3 0 0 2 3 1 3 3 3 3 4 0 4 4 0 0 0 1 335.002249
4 1 4 2 3 0 1 1 0 4 3 0 3 0 0 2 3 1 3 3 3 3 4 0 4 4 0 0 0 1 336.002407
4 1 4 2 3 0 0 1 0 4 3 1 3 0 4 2 3 1 3 3 3 3 4 0 4 4 0 0 0 1 337.002216
4 1 4 2 3 0 1 1 0 4 3 1 3 0 4 2 3 1 3 3 3 3 4 0 4 4 0 0 0 1 338.002162
4 1 4 2 3 0 1 1 0 4 3 1 3 0 4 2 3 1 3 3 3 3 4 0 4 4 0 0 0 1 339.002084
4 1 4 2 3 0 0 1 0 4 3 1 3 0 4 2 3 1 3 3 3 3 4 0 4 4 4 0 0 1 340.002094
4 1 4 2 3 0 4 1 0 4 3 1 3 0 4 2 3 1 3 3 3 3 4 0 4 4 4 0 0 1 341.002324
4 1 4 2 3 0 4 1 0 4 3 1 3 0 4 2 3 1 3 3 3 3 4 0 4 4 4 0 0 1 342.002071
4 1 4 2 3 0 0 1 0 4 3 1 3 0 4 2 3 1 3 3 3 3 4 0 4 4 4 0 0 1 343.002057
4 1 4 2 3 0 0 1 0 4 3 1 3 0 4 2 3 1 3 3 3 3 4 0 4 4 4 0 0 1 344.002397
4 1 4 2 3 0 0 1 0 4 3 1 3 0 4 2 3 1 3 3 3 3 4 0 4 4 4 0 0 1 345.002135
4 1 4 2 3 0 4 1 0 4 3 1 3 0 4 2 3 1 3 3 3 3 4 0 4 4 4 0 0 0 346.002134
4 1 4 2 3 0 4 1 0 4 3 1 3 0 4 2 3 1 3 3 3 3 4 0 4 4 4 0 0 1 347.002463
4 1 4 2 3 0 4 1 0 4 3 1 3 0 4 2 3 1 3 3 3 3 4 0 4 4 4 0 0 1 348.002392
4 1 4 2 3 0 4 1 0 4 3 1 3 0 4 2 3 1 3 3 3 3 4 0 4 4 4 0 0 1 349.002422
4 1 4 2 3 0 4 1 0 4 3 1 3 0 4 2 3 1 3 3 3 4 4 0 4 4 4 0 0 0 350.002496
4 1 4 2 3 0 4 1 0 4 3 1 3 0 4 2 3 1 3 4 3 3 4 0 4 4 4 0 0 0 351.002493
4 1 4 2 3 0 4 0 0 4 3 1 3 0 4 2 3 1 3 3 3 3 4 0 4 4 4 0 0 0 352.002432
4 1 4 2 3 0 4 1 0 4 3 1 3 0 4 2 3 1 3 3 3 4 4 0 4 4 4 0 0 0 353.002295
4 1 4 2 3 0 4 4 0 4 3 1 3 0 4 2 3 1 3 3 3 3 4 0 4 4 4 0 0 0 354.002527
4 1 4 2 3 0 4 1 0 4 3 1 3 0 4 2 3 1 4 3 3 3 4 0 4 4 4 0 0 0 355.002282
4 1 4 0 3 0 4 1 0 4 3 1 3 0 4 2 3 1 4 3 3 3 4 0 4 4 4 0 0 0 356.002229
0 1 4 2 3 0 4 4 0 4 3 1 3 0 4 2 3 1 3 3 3 4 4 0 4 4 4 0 0 0 357.002222
0 1 4 0 3 0 4 4 0 4 3 1 3 0 4 2 3 1 4 4 3 3 4 0 4 4 4 0 0 0 358.002317
0 1 4 0 3 0 4 1 0 4 3 1 3 0 4 2 3 1 3 3 3 3 4 0 4 4 4 0 0 0 359.002310
0 1 4 0 3 0 4 4 0 4 3 1 3 0 4 2 3 1 3 3 3 3 4 0 4 4 4 0 0 0 360.002208
0 1 4 0 3 0 4 4 0 4 3 1 3 0 4 2 3 1 4 3 3 3 4 0 4 4 4 0 0 0 361.002276
0 1 4 0 3 0 4 4 0 4 3 1 3 0 4 2 3 1 4 3 3 3 4 0 4 4 4 0 0 0 362.002111
0 1 4 0 3 0 4 4 0 4 3 1 3 0 4 2 3 1 3 3 3 3 4 0 4 4 4 0 0 0 363.002136
0 1 4 0 3 0 4 4 0 4 3 1 3 0 4 2 3 1 3 4 3 3 4 0 4 4 4 0 0 0 364.002161
0 1 4 0 3 0 4 4 0 4 3 1 3 0 4 2 3 1 3 3 3 3 4 0 4 4 4 0 0 0 365.002309
0 1 4 0 3 0 4 4 0 4 3 1 3 0 4 2 3 0 3 3 3 4 4 0 4 4 4 0 0 0 366.002288
0 1 4 0 3 0 4 4 0 4 3 1 3 0 4 2 3 0 3 4 3 3 4 0 4 4 4 0 0 0 367.002241
0 1 4 0 3 0 4 4 0 4 3 1 3 0 4 2 3 0 3 4 3 3 4 0 0 4 4 0 0 0 368.002418
0 1 4 0 3 0 4 4 0 4 3 1 3 0 4 2 3 0 3 3 3 3 4 0 0 4 4 0 0 0 369.002516
0 1 4 0 3 0 4 4 0 4 3 1 3 0 4 0 3 0 3 4 3 3 0 0 0 4 4 0 0 0 370.002776
0 1 4 0 3 0 4 4 0 4 3 1 3 0 4 0 3 0 3 4 3 3 0 0 0 4 4 0 0 0 371.002462
0 1 4 0 3 0 4 4 0 4 3 1 3 0 4 0 3 0 3 4 3 3 0 0 0 4 4 0 0 0 372.002661
0 1 4 0 3 0 4 4 0 4 0 1 0 0 4 0 3 0 4 4 3 3 0 0 0 4 4 0 0 0 373.002444
0 1 4 0 3 0 4 4 0 4 3 1 0 0 4 0 3 0 4 4 3 0 0 0 0 4 4 0 0 0 374.002265
0 1 4 0 3 0 4 4 0 4 0 1 0 0 4 0 3 0 4 3 3 3 0 0 0 4 4 0 0 0 375.002817
0 1 4 0 3 0 4 4 0 4 3 1 3 0 4 0 3 0 4 4 3 3 0 0 0 4 4 0 0 0 376.002272
0 1 4 0 3 0 4 4 0 4 3 1 3 0 4 0 3 0 4 4 3 3 0 0 0 4 4 0 0 0 377.002323
0 1 4 0 3 0 4 4 0 4 0 1 0 0 4 0 3 0 4 4 3 3 0 0 0 4 4 0 0 0 378.002709
0 1 4 0 3 0 4 4 0 4 0 1 4 0 0 0 3 0 4 3 3 3 0 0 0 4 4 0 0 0 379.002411
0 1 4 0 3 0 4 4 0 4 0 1 0 0 0 0 3 0 4 4 3 0 0 0 0 4 4 0 0 0 380.002799
0 1 4 0 3 0 4 4 0 4 0 1 0 0 0 0 3 0 4 3 3 3 0 0 0 4 4 0 0 0 381.002388
0 1 4 0 3 0 4 4 0 4 0 1 0 0 0 0 3 0 4 4 3 3 0 0 0 4 4 0 0 0 382.002673
0 1 0 0 3 0 4 4 0 4 0 1 0 0 0 0 3 0 4 4 3 3 0 0 0 4 4 0 0 0 383.002258
0 1 0 0 3 0 4 4 0 4 0 1 0 0 0 0 4 0 4 4 3 3 0 0 0 4 4 0 0 0 384.002471
0 1 0 0 3 0 4 4 0 4 0 1 0 0 0 0 4 0 4 3 3 3 0 0 0 4 4 0 0 0 385.002528
0 1 0 0 3 0 4 4 0 4 0 1 0 0 0 0 4 0 4 4 3 3 0 0 0 4 4 0 0 0 386.002383
0 1 0 0 3 0 4 4 0 4 0 1 0 0 0 0 4 0 4 4 3 3 0 0 0 4 4 0 0 0 387.002537
0 1 4 0 3 0 4 4 0 4 0 1 0 0 0 0 4 0 4 4 3 3 0 0 0 4 4 0 0 0 388.002233
0 1 0 0 3 0 4 4 0 4 0 1 0 0 0 0 4 0 3 0 3 3 0 0 0 4 4 0 0 0 389.002358
0 1 0 0 3 0 4 4 0 4 0 1 0 0 0 0 4 0 4 0 3 3 0 0 0 4 4 0 0 0 390.002542
0 1 0 0 3 0 4 4 0 4 0 1 0 0 0 0 4 0 4 0 3 3 0 0 0 4 4 0 0 0 391.002644
0 1 0 0 3 0 4 4 0 4 0 1 0 0 0 0 4 0 4 0 3 3 0 0 0 4 4 0 0 0 392.002582
0 1 0 0 3 0 4 4 0 4 0 1 0 0 0 0 4 0 4 0 3 3 0 0 0 4 4 0 0 0 393.002303
0 1 0 0 3 0 4 4 0 4 0 1 0 0 0 0 4 0 4 0 3 3 0 0 0 4 4 0 0 0 394.002380
0 1 0 0 3 0 4 4 0 4 0 1 0 0 0 0 4 0 0 0 3 3 0 0 0 4 4 0 0 0 395.002371
0 1 0 0 3 0 4 4 0 4 0 1 0 0 0 0 4 0 0 0 3 3 0 0 0 4 4 0 0 0 396.002250
0 1 0 0 3 0 4 4 0 4 0 1 0 0 0 0 4 0 0 0 3 3 0 0 0 4 4 0 0 0 397.002662
0 1 0 0 3 0 4 4 0 4 0 1 0 0 0 0 4 0 0 0 3 3 0 0 0 4 4 0 0 0 398.002337
0 1 4 0 3 0 4 4 0 4 0 1 0 0 0 0 4 0 0 0 3 3 0 0 0 4 4 0 0 0 399.002416
0 1 0 0 3 0 4 4 0 4 0 1 0 0 0 0 4 0 0 3 3 3 0 0 0 4 4 0 0 0 400.002889
0 1 0 0 3 0 4 4 0 4 0 1 4 0 0 0 4 0 0 3 3 3 0 0 0 4 4 0 0 0 401.002262
0 1 0 0 3 0 4 4 0 4 0 1 4 0 0 0 4 0 0 3 3 3 0 0 0 4 4 0 0 0 402.002619
0 1 0 0 3 0 4 4 0 4 0 1 4 0 0 0 4 0 0 3 3 3 0 0 0 4 4 0 0 0 403.002876
0 4 0 0 3 0 4 4 0 4 0 0 4 0 0 0 4 0 0 3 3 3 0 0 0 4 4 0 0 0 404.002544
0 1 0 0 3 0 4 4 0 4 0 1 4 0 0 0 4 0 0 3 3 3 0 0 0 4 4 0 0 0 405.002491
0 4 0 0 3 0 4 4 0 4 0 0 0 0 0 0 4 0 0 3 3 3 0 0 0 4 4 0 0 0 406.002358
0 4 0 0 3 0 4 4 0 0 0 0 4 0 0 0 4 0 0 3 3 3 0 0 0 4 4 0 0 0 407.002659
0 4 4 0 3 0 4 4 0 0 0 0 4 0 0 0 4 0 0 3 3 3 0 0 0 4 4 0 0 0 408.002334
0 4 0 0 3 0 4 4 0 0 0 0 4 0 0 0 4 0 0 3 3 3 0 0 0 4 4 0 0 0 409.002517
0 4 0 0 3 0 4 4 0 0 0 0 4 0 0 0 4 0 0 3 3 3 0 0 0 4 4 0 0 0 410.002544
0 4 0 0 3 0 4 4 0 0 0 0 4 0 0 0 4 0 0 3 3 3 0 0 0 4 4 0 0 0 411.002428
0 4 0 0 3 0 4 4 0 0 0 0 4 0 0 0 4 0 0 3 3 3 0 0 0 4 4 0 0 0 412.002736
0 4 0 0 3 0 4 4 0 0 0 0 4 0 0 0 4 0 0 3 3 3 0 0 0 4 4 0 0 0 413.002738
0 4 0 0 3 0 4 4 0 0 0 0 4 0 0 0 4 0 0 3 3 3 0 0 0 4 4 0 0 0 414.002655
0 4 0 0 3 0 4 4 0 0 0 0 4 0 0 0 4 0 0 3 3 3 0 0 0 4 4 0 0 0 415.002417
0 4 0 0 3 0 4 4 0 0 0 0 4 0 0 0 4 0 4 3 3 3 0 0 0 4 4 0 0 0 416.002360
0 4 0 0 3 0 4 4 0 0 0 0 4 0 0 0 4 0 0 3 3 3 0 0 0 4 4 0 0 0 417.002455
0 4 4 0 3 0 4 4 0 0 0 0 4 0 0 0 4 0 0 3 3 3 0 0 0 4 4 0 0 2 418.002351
0 4 0 0 3 0 4 4 1 0 0 0 4 0 0 0 4 0 0 3 3 3 0 0 0 4 4 0 0 2 419.002522
0 4 0 0 3 0 4 4 1 1 0 0 2 0 0 0 4 0 0 3 3 3 0 0 1 4 4 0 0 2 420.002411
0 1 0 0 3 0 4 4 1 1 0 0 2 0 0 0 4 0 0 3 3 3 0 0 1 4 4 0 0 2 421.002268
0 4 0 0 3 0 4 4 1 1 0 0 2 0 0 1 4 0 4 3 3 3 0 0 1 4 4 0 0 2 422.002468
0 4 0 0 3 0 4 4 1 1 0 0 2 0 0 0 4 0 4 3 3 3 0 0 1 4 4 0 0 2 423.002767
0 1 0 0 3 0 4 4 1 1 0 0 2 0 0 0 4 0 4 3 3 3 0 0 1 4 4 0 0 2 424.002271
0 1 0 0 3 0 4 4 1 1 0 0 2 0 0 1 4 0 4 3 3 3 0 0 1 4 4 0 0 2 425.002353
0 1 0 0 3 0 4 4 1 1 0 0 2 0 0 1 4 0 4 3 3 3 0 0 1 4 4 0 0 2 426.002180
0 1 0 0 3 0 4 4 1 1 0 0 2 0 0 1 4 0 4 3 3 3 0 0 1 4 4 0 0 2 427.002491
0 1 4 0 3 0 4 4 1 1 0 0 2 0 0 1 4 0 4 3 3 3 0 0 1 4 4 0 0 2 428.002255
0 1 0 0 3 0 4 4 1 1 0 0 2 0 0 1 4 0 4 3 3 3 0 0 1 4 4 0 0 2 429.002336
0 1 0 0 3 0 4 4 1 1 0 0 2 0 0 1 4 0 4 3 3 3 0 0 1 4 4 0 0 2 430.002381
0 1 4 0 3 0 4 4 1 1 0 0 2 0 0 1 4 0 4 3 3 3 0 0 1 4 4 0 0 2 431.002283
0 1 0 0 3 0 4 4 1 1 0 0 2 0 0 1 4 0 4 3 3 3 0 0 1 4 4 0 0 2 432.002262
0 1 4 0 3 0 4 4 1 1 0 0 2 0 0 1 4 0 4 3 3 3 0 0 1 0 4 0 0 2 433.002651
0 1 0 0 3 0 4 4 1 1 0 0 2 0 0 1 4 0 4 3 3 3 0 0 1 0 4 0 0 2 434.002200
0 1 0 0 3 0 4 4 1 1 0 0 2 0 0 1 4 0 4 3 3 3 0 0 1 0 4 0 0 2 435.002283
0 0 0 0 3 0 4 4 1 1 0 0 2 0 0 1 4 0 4 3 3 3 0 0 1 0 4 0 0 2 436.002504
0 1 0 0 3 0 4 4 1 1 0 0 2 1 0 1 4 0 4 3 3 3 0 0 1 0 4 0 0 2 437.002217
0 1 0 0 3 0 4 4 1 1 0 0 2 1 0 1 4 0 4 3 3 3 0 0 1 0 4 0 0 2 438.002251
0 1 0 0 3 0 4 4 1 1 0 0 2 1 0 1 4 0 4 3 3 3 0 0 1 0 4 0 0 2 439.002265
0 1 4 0 3 0 4 4 1 1 0 0 2 1 0 1 4 0 4 3 3 3 0 0 1 0 4 0 0 2 440.002442
0 1 4 0 3 0 4 4 1 1 0 0 2 1 0 1 4 0 4 3 3 3 0 0 1 0 4 0 0 2 441.002333
0 1 4 0 3 0 4 4 1 1 0 0 2 1 0 1 4 0 4 3 3 3 0 0 1 0 4 0 0 2 442.002239
0 1 4 0 3 0 4 4 1 1 0 0 2 1 0 1 4 0 4 3 3 3 0 0 1 0 4 0 0 2 443.002272
0 1 4 0 3 0 4 4 1 1 0 0 2 1 0 1 4 0 4 3 3 3 0 0 1 0 4 0 0 2 444.002227
0 1 4 0 3 0 4 4 1 1 0 0 2 1 0 1 4 0 4 3 3 3 0 0 1 0 4 0 0 2 445.002199
0 1 4 0 3 0 4 4 1 1 0 0 2 1 0 1 4 0 4 3 3 3 0 0 1 0 4 0 0 2 446.002181
0 1 4 0 3 0 4 4 1 1 0 0 2 1 0 1 4 0 4 3 3 3 0 0 1 0 4 0 0 2 447.002238
0 1 4 0 3 0 4 4 4 1 0 0 2 1 0 1 4 0 4 3 3 3 0 0 1 0 4 0 0 2 448.002331
0 1 4 0 3 0 4 4 4 1 0 0 2 1 0 1 4 0 4 3 3 3 0 0 1 0 4 0 0 2 449.002283
0 1 4 0 3 0 4 4 4 1 0 0 2 1 0 1 4 0 4 3 3 3 0 0 1 0 4 0 0 2 450.002459
0 1 4 0 3 4 4 4 4 1 0 0 2 1 0 1 4 0 4 3 3 3 0 0 0 0 4 0 0 2 451.003427
0 1 4 0 3 4 4 4 4 1 0 0 2 1 0 1 4 0 4 3 3 3 0 0 0 0 4 0 0 2 452.003748
0 1 4 0 3 4 4 4 4 1 0 0 2 1 0 1 4 0 4 3 3 3 0 0 0 0 4 0 0 2 453.003946
0 1 4 0 3 4 4 4 4 1 0 0 2 1 0 1 4 0 2 3 3 3 0 0 0 0 4 0 0 2 454.003746
0 1 4 0 3 4 4 4 4 1 0 0 2 1 0 1 4 0 2 3 3 3 0 0 0 0 4 0 0 2 455.002495
0 1 4 0 3 4 4 4 4 1 0 0 2 1 0 1 4 0 2 3 3 3 0 0 0 0 4 0 0 2 456.002536
0 1 4 0 3 4 4 4 4 1 0 0 2 1 0 1 4 0 2 3 3 3 0 0 0 0 4 0 0 2 457.002569
0 1 4 0 3 4 4 4 4 1 0 0 2 1 0 1 4 0 2 3 3 3 0 0 0 0 4 0 0 2 458.002532
0 1 4 0 3 4 4 4 4 1 0 0 2 1 0 1 4 0 2 3 3 3 0 0 0 0 4 0 0 2 459.002512
0 1 4 0 3 4 4 4 4 1 0 0 2 1 0 1 4 0 2 3 3 3 0 0 0 0 4 0 0 2 460.002480
0 1 4 0 3 4 4 4 4 1 0 0 2 1 0 1 4 0 2 3 3 3 0 0 0 0 4 0 0 2 461.002522
0 1 4 0 3 4 4 4 4 1 0 0 2 1 0 1 4 0 2 3 3 3 0 0 0 0 4 0 0 2 462.002483
0 1 4 0 3 4 0 4 4 1 0 0 2 1 0 1 4 0 2 3 3 3 0 0 0 0 4 0 0 2 463.002708
0 1 4 0 3 4 0 4 4 1 0 0 2 1 0 1 4 0 2 3 3 3 0 0 0 0 4 0 0 2 464.002623
0 1 4 0 3 4 0 4 4 1 0 0 2 1 0 1 4 0 2 3 3 3 0 0 0 0 4 0 0 2 465.002496
0 1 4 0 3 4 0 4 4 1 0 0 2 1 0 1 4 0 2 3 3 3 0 0 0 0 4 0 0 2 466.002546
0 1 4 0 3 4 0 4 4 1 0 0 2 1 0 1 4 0 2 3 3 3 0 0 0 0 4 0 0 2 467.002513
0 1 4 0 3 4 0 4 4 1 0 0 2 1 0 1 4 0 2 3 3 3 0 0 0 0 4 0 0 4 468.002510
0 1 4 0 3 4 0 4 4 1 0 0 2 1 0 1 4 0 2 3 3 3 0 0 0 0 4 0 0 2 469.002671
0 1 4 0 3 4 0 4 4 1 0 0 2 1 0 1 4 0 2 3 3 3 0 0 0 1 4 0 0 2 470.002977
0 1 4 0 3 4 0 4 4 1 0 0 2 1 0 1 4 0 2 3 3 3 0 0 0 1 4 0 0 2 471.003937
0 1 4 0 3 4 0 4 4 1 0 0 2 1 0 1 4 0 2 3 3 3 0 0 0 1 4 0 0 4 472.002655
0 1 4 0 3 4 0 4 4 1 0 0 2 1 0 1 4 0 2 3 3 3 0 0 0 1 4 0 0 4 473.002881
0 1 4 0 3 4 0 4 4 1 0 0 2 1 0 1 4 0 2 3 3 3 0 0 0 1 4 0 0 4 474.003036
0 1 4 0 3 4 0 0 4 1 0 0 2 1 0 1 4 0 2 3 3 3 0 0 0 1 4 0 0 4 475.003051
0 1 4 0 3 4 0 0 4 1 0 0 2 1 0 1 4 0 2 3 3 3 0 0 0 1 4 0 0 4 476.003061
0 1 4 0 3 4 0 0 4 1 0 0 2 1 0 1 4 0 2 3 3 3 0 0 0 1 4 0 0 4 477.003837
0 1 4 0 3 4 0 0 4 1 0 0 2 1 0 1 4 0 2 3 3 3 0 4 0 1 4 0 0 4 478.002993
0 1 4 0 3 4 0 0 4 1 0 0 2 1 0 1 4 0 2 3 3 3 0 4 0 1 4 0 0 4 479.002323
0 1 4 0 3 4 0 0 4 1 0 0 2 1 0 1 4 0 2 3 3 3 0 4 0 1 4 0 0 4 480.002304
0 1 4 0 3 4 0 0 4 1 0 0 2 1 0 1 4 0 2 3 3 3 0 4 0 1 4 0 0 4 481.002286
0 1 4 0 3 4 0 0 4 1 0 0 2 1 0 1 4 0 2 3 3 3 0 4 0 1 4 0 0 4 482.002417
0 1 4 0 3 4 0 0 4 1 0 0 2 1 0 1 4 0 2 3 3 3 0 4 0 1 4 0 0 4 483.002609
0 1 4 0 3 4 0 0 4 1 0 0 2 1 0 1 4 0 2 3 3 3 0 4 0 1 4 0 0 4 484.002466
0 1 4 0 3 4 0 0 4 1 0 0 2 1 0 1 4 0 2 3 3 3 0 4 0 1 4 0 0 4 485.002450
0 1 4 0 3 4 0 0 4 1 0 0 2 1 0 1 4 0 2 3 3 3 0 4 0 1 4 0 0 4 486.002724
0 1 4 0 3 4 0 0 4 1 0 0 2 1 0 1 4 0 2 3 3 3 0 4 0 1 4 0 0 4 487.002296
0 1 4 0 3 4 0 0 4 1 0 0 2 1 0 1 4 0 2 3 3 3 0 4 0 1 4 0 0 4 488.002508
0 1 4 0 3 4 0 0 4 1 0 0 2 1 0 1 4 0 2 3 3 3 0 4 0 1 4 0 0 4 489.002470
0 1 4 0 3 4 0 0 4 1 0 0 2 1 0 1 4 0 2 3 3 3 0 4 0 1 4 0 0 4 490.002332
0 1 4 0 3 4 0 0 4 1 0 0 2 1 0 1 4 0 2 3 3 3 0 4 0 1 4 0 0 4 491.002405
0 1 4 0 3 4 0 0 0 1 0 0 2 1 0 1 4 0 2 3 3 3 0 4 0 1 4 0 0 4 492.002220
0 1 4 0 3 4 0 0 0 1 0 0 2 1 0 1 4 0 2 3 3 3 0 4 0 1 4 0 0 4 493.002371
0 1 4 0 3 4 0 0 0 0 0 0 2 1 0 1 4 0 2 3 3 3 0 4 0 1 4 0 0 4 494.002449
0 1 4 0 3 4 0 0 0 0 0 0 2 1 0 1 4 0 2 3 3 3 0 4 0 1 4 0 0 4 495.002507
0 1 4 0 3 4 0 0 0 0 0 0 2 0 0 1 4 0 2 3 3 3 0 4 0 1 4 0 0 4 496.002685
0 1 4 0 3 4 0 0 1 1 0 0 2 1 0 1 4 0 2 3 3 3 0 4 0 1 4 0 0 4 497.002208
0 1 0 0 3 4 0 0 1 0 0 0 2 0 0 1 4 0 4 3 3 3 0 4 0 1 4 0 0 4 498.002540
0 1 0 0 3 4 0 0 1 0 0 0 2 0 0 1 4 0 4 3 3 3 0 4 0 1 4 0 0 4 499.002300
4 1 0 0 3 4 0 0 0 0 0 0 2 0 0 1 4 0 4 3 3 3 0 4 0 0 4 0 0 2 500.002270
4 1 0 0 3 4 0 0 1 0 0 0 2 0 0 1 4 0 4 4 3 3 4 4 0 0 4 0 0 2 501.002669
4 1 0 0 3 4 0 0 1 0 0 0 2 0 0 1 4 0 4 4 3 3 4 4 0 0 4 0 0 2 502.002360
4 1 0 0 3 4 0 0 1 0 0 0 2 4 0 1 4 0 4 4 3 3 4 4 0 1 4 0 0 2 503.002237
4 1 0 0 3 0 0 0 1 0 0 0 2 4 0 1 4 0 4 4 3 3 4 4 0 0 4 0 0 2 504.002325
4 1 0 0 3 0 0 0 1 0 0 0 2 4 0 1 4 0 4 4 3 3 4 4 0 0 4 0 0 2 505.002328
4 1 0 0 3 0 0 0 0 0 0 0 2 4 0 1 4 0 4 4 4 3 4 4 0 0 4 0 0 2 506.002377
4 1 0 0 4 0 0 0 0 0 0 0 2 4 0 1 4 0 4 4 4 3 4 4 0 0 4 0 0 2 507.002228
4 1 0 0 4 0 0 0 1 0 0 0 2 4 0 1 4 0 4 4 4 3 4 4 0 0 4 0 0 2 508.002590
4 1 0 0 4 0 0 0 1 0 0 0 2 4 0 1 4 0 4 4 4 3 4 4 0 0 4 0 0 2 509.002393
4 1 0 0 3 0 0 0 0 0 0 0 2 4 0 1 4 0 4 4 4 3 4 4 0 0 4 0 0 2 510.002292
4 1 0 0 4 0 0 0 0 0 0 0 4 4 0 0 4 0 4 4 4 3 4 4 0 0 4 0 0 2 511.002578
4 1 0 0 4 0 0 0 0 0 0 0 4 4 0 1 4 0 4 4 4 3 4 4 0 0 4 0 0 2 512.002388
4 1 0 0 4 0 0 0 0 0 0 0 2 4 0 0 4 0 4 4 4 3 4 4 0 0 4 0 0 2 513.002232
4 1 0 0 4 0 0 0 1 0 0 0 0 4 0 0 4 0 4 4 4 3 4 4 0 0 4 0 0 2 514.002317
4 1 0 0 4 0 0 0 0 0 0 0 0 4 0 0 4 0 2 4 4 3 4 4 0 0 4 0 0 2 515.002419
4 1 0 0 4 0 0 0 0 0 0 0 0 4 0 0 4 0 4 4 4 3 4 4 0 0 4 0 0 2 516.002792
4 1 0 0 4 0 0 0 0 0 0 0 0 4 0 0 4 0 2 4 4 3 4 4 0 0 4 0 0 2 517.002445
4 1 0 0 4 0 0 0 0 0 0 0 0 4 0 0 4 0 2 4 4 3 4 4 0 0 4 0 0 2 518.002416
4 1 0 0 4 0 0 0 0 0 0 4 0 4 0 0 4 0 4 4 4 3 4 4 0 0 4 0 0 2 519.002327
4 1 0 0 4 0 0 0 1 0 0 4 0 4 0 0 4 0 4 4 4 3 4 4 0 0 4 0 0 2 520.003660
4 1 0 0 4 0 0 0 0 0 0 4 0 4 0 0 4 0 4 4 4 3 4 4 0 0 4 0 0 2 521.002428
4 1 0 0 4 0 0 0 0 0 0 4 0 4 0 0 4 0 4 4 4 3 4 4 0 0 4 0 0 2 522.002390
4 1 2 0 4 0 0 0 0 0 0 4 0 4 0 0 4 0 4 4 4 3 4 4 0 2 4 3 0 2 523.002387
4 1 2 0 4 0 0 0 0 0 0 4 0 4 0 0 4 0 4 4 4 3 4 4 0 2 4 3 0 2 524.002429
4 1 2 0 4 0 0 0 0 0 0 4 0 4 0 0 4 0 4 4 4 3 4 4 0 2 4 3 0 2 525.002329
4 1 2 0 4 0 0 0 0 0 0 4 0 4 0 0 4 0 4 4 4 3 4 4 0 2 4 3 0 2 526.002332
4 1 2 0 4 0 0 0 0 0 0 4 0 4 1 0 4 0 4 4 0 3 4 4 0 2 4 3 0 2 527.002400
4 1 2 0 4 0 0 0 0 0 0 4 0 4 1 0 4 0 4 4 0 3 4 4 0 2 4 3 0 2 528.002301
4 1 2 0 4 0 0 0 0 0 0 4 0 4 1 4 4 0 4 4 4 3 4 4 0 2 4 3 0 2 529.002271
4 1 2 0 4 0 0 0 0 0 0 4 0 4 1 4 4 0 4 4 4 3 4 4 0 2 0 3 0 2 530.002276
4 1 2 0 4 2 0 0 0 0 0 4 0 4 1 4 4 0 4 4 0 3 4 4 0 2 0 3 0 2 531.002373
4 1 2 0 4 4 0 0 0 0 0 4 0 4 1 4 4 0 4 4 4 3 4 4 0 2 0 3 0 2 532.002407
4 1 2 0 4 4 0 0 0 0 0 4 0 4 1 4 4 0 4 4 4 3 4 4 0 2 0 3 0 2 533.002299
4 1 2 0 4 4 0 0 0 0 0 4 0 4 1 4 4 0 4 4 4 3 4 4 0 2 0 3 0 2 534.002294
4 1 2 0 4 4 0 0 0 0 0 4 0 4 1 4 4 0 4 4 4 3 4 4 0 2 0 3 0 2 535.002288
4 1 2 0 4 4 0 0 0 0 0 4 0 4 1 4 4 0 4 4 4 3 4 4 0 2 0 3 0 2 536.002286
4 1 2 0 4 4 0 0 0 0 0 4 0 4 1 4 4 0 4 4 4 3 4 4 0 2 0 3 0 2 537.002296
4 1 2 0 4 4 0 0 0 0 0 4 0 4 1 4 4 0 4 4 4 3 4 4 0 2 0 3 0 2 538.002300
4 1 2 0 4 4 0 0 0 0 0 4 0 4 1 4 4 0 4 4 4 3 4 4 0 2 0 3 0 2 539.002273
4 1 2 0 4 4 1 0 0 2 0 4 0 4 1 4 4 0 4 4 4 3 4 4 0 2 0 3 0 2 540.002242
4 0 2 0 4 4 1 0 0 2 0 4 0 4 1 4 4 0 4 4 4 3 4 4 0 2 0 3 0 2 541.002323
4 0 2 0 4 4 1 0 0 2 0 4 0 4 1 4 4 0 4 4 4 3 4 4 0 2 0 3 0 2 542.002312
4 1 2 0 4 4 1 0 0 2 0 4 0 4 1 4 4 0 4 4 4 3 4 4 0 2 0 3 0 2 543.002276
4 0 0 0 4 4 1 0 0 2 0 4 0 4 1 4 4 0 2 4 4 3 4 4 0 2 0 3 0 2 544.002279
4 0 2 0 4 4 1 0 0 2 0 4 0 4 1 4 4 0 2 4 4 3 4 4 0 2 0 3 0 2 545.002247
4 0 2 0 4 4 1 0 0 2 0 4 0 4 1 4 4 0 2 4 4 3 4 4 0 2 0 3 0 2 546.002295
4 0 2 0 4 4 1 0 0 2 0 4 0 4 1 4 4 0 2 4 4 3 4 4 0 2 0 3 0 2 547.002265
4 0 2 0 4 4 1 0 0 2 0 4 0 4 1 4 4 0 2 4 4 3 4 4 0 2 0 3 0 2 548.002354
4 0 2 0 4 4 1 0 0 2 0 4 0 4 1 4 4 0 2 4 4 3 4 4 0 2 0 3 0 2 549.002365
4 0 2 0 4 4 1 0 0 2 0 4 0 4 1 4 4 0 2 4 4 3 4 4 0 2 0 3 0 2 550.002259
4 0 2 0 4 4 1 1 0 2 0 4 0 4 1 4 4 0 2 4 4 3 4 4 0 2 0 3 0 2 551.002223
4 0 2 0 4 4 1 0 0 2 0 4 0 4 1 4 4 0 2 4 4 3 4 4 0 2 0 3 0 2 552.002350
4 0 0 0 4 4 1 0 0 2 0 4 0 4 1 4 4 0 2 4 4 3 4 4 0 2 0 3 0 2 553.002342
4 0 0 0 4 4 1 0 0 2 0 4 0 4 1 4 4 0 2 4 4 3 4 4 0 2 0 3 0 2 554.002264
4 0 0 0 4 4 1 0 0 2 0 4 0 4 1 4 4 0 2 4 4 3 4 4 0 2 0 3 0 2 555.002291
4 0 0 0 4 4 1 0 0 2 0 4 0 4 1 4 4 0 2 4 4 3 4 4 0 2 0 3 0 2 556.002379
4 0 0 0 4 4 1 0 0 2 0 4 3 4 1 4 4 0 2 4 4 3 4 4 0 2 3 3 0 2 557.002266
4 0 0 0 4 4 1 0 0 2 1 4 3 4 1 4 4 3 2 4 4 3 4 4 0 2 3 3 0 2 558.002322
4 0 0 0 4 4 1 2 0 2 1 4 3 4 1 4 4 3 2 4 4 3 4 4 0 2 3 3 0 2 559.002204
4 0 0 0 4 4 1 2 0 0 1 4 3 4 1 4 4 3 2 4 4 3 4 4 0 2 3 3 0 2 560.002319
4 0 0 2 4 4 1 2 0 2 1 4 3 4 1 4 4 3 2 4 4 3 4 4 0 2 3 3 0 2 561.002177
4 0 0 2 4 4 1 2 0 0 1 4 3 4 1 4 4 3 2 4 4 0 4 4 0 2 3 3 0 2 562.002200
4 0 0 2 4 4 1 2 0 0 1 4 3 4 1 4 4 3 2 4 4 3 4 4 0 0 3 3 4 2 563.002166
4 0 0 2 4 4 1 2 0 4 1 4 3 4 1 4 4 3 2 4 4 3 4 4 0 2 3 3 4 2 564.002202
4 0 0 2 4 4 1 2 0 4 1 4 3 4 1 4 4 3 2 4 4 3 4 4 0 0 3 3 4 2 565.002248
4 1 0 2 4 4 1 2 0 4 1 4 3 4 1 4 4 3 2 4 4 3 4 4 0 0 3 3 4 2 566.002390
4 1 0 2 4 4 1 2 0 4 1 4 3 4 1 4 4 3 2 4 4 3 4 4 0 4 3 3 4 2 567.002357
4 1 0 0 4 4 0 2 0 4 1 4 3 4 1 4 4 3 2 4 4 4 4 4 0 4 3 3 4 2 568.002284
4 0 0 3 4 4 1 2 0 4 1 4 3 4 1 4 4 3 2 4 4 4 4 4 0 4 3 3 4 2 569.002210
4 0 0 0 4 4 1 2 0 4 1 4 3 4 1 4 4 3 2 4 4 4 4 4 0 4 3 3 4 2 570.002208
4 1 0 3 4 4 1 2 0 4 1 4 3 4 1 4 4 3 2 4 4 4 4 4 0 4 3 3 4 2 571.002180
4 1 0 3 0 4 1 2 0 4 1 4 3 4 1 4 4 3 2 4 4 4 4 4 0 4 3 3 4 2 572.002195
4 1 0 3 0 4 1 2 0 4 1 4 3 4 1 4 4 3 2 4 4 4 4 4 0 4 3 3 4 2 573.002268
4 0 0 3 0 4 1 2 0 4 1 4 3 4 1 4 4 3 2 4 4 4 4 4 0 4 3 3 4 2 574.002203
4 1 0 3 0 4 1 2 0 4 1 4 3 4 1 4 4 3 2 4 4 4 4 4 0 4 3 3 4 2 575.002176
4 1 0 3 0 4 1 2 0 4 1 4 3 4 1 4 4 3 2 4 4 4 4 4 0 4 3 3 4 2 576.002128
4 1 0 3 0 4 1 2 0 4 1 4 3 4 1 4 4 3 2 4 4 4 4 4 0 4 4 3 4 2 577.002204
4 1 0 3 0 4 1 2 0 4 1 4 3 4 1 4 4 3 2 4 4 4 4 4 0 4 4 3 4 2 578.002127
4 1 0 3 0 4 1 2 0 4 1 4 3 4 1 4 4 3 2 4 4 4 4 4 0 4 4 3 4 2 579.002254
4 1 0 3 0 4 1 2 0 4 1 4 3 4 1 4 4 3 2 4 4 4 4 4 0 4 4 3 4 2 580.002272
4 1 0 3 0 4 1 2 0 4 1 4 3 4 1 4 4 3 2 4 4 4 4 4 0 4 4 3 4 2 581.002328
4 1 0 3 0 4 1 2 0 4 1 4 3 4 1 4 4 3 2 4 4 4 4 4 0 4 4 3 4 2 582.002205
4 1 0 3 0 4 1 2 0 4 1 4 3 4 1 4 4 3 2 4 4 4 4 4 0 4 4 3 4 2 583.002246
0 1 0 3 0 4 1 2 0 4 1 4 3 4 1 4 4 3 2 4 4 4 4 4 0 4 4 3 4 2 584.002171
0 1 0 3 0 4 1 2 0 4 0 4 3 4 1 4 4 3 2 4 4 4 4 4 0 4 4 3 4 2 585.002189
0 1 0 3 0 4 1 2 0 4 1 4 3 4 1 4 4 3 2 4 4 4 4 4 0 4 4 3 4 2 586.002220
0 1 0 3 0 4 1 2 0 4 0 4 3 4 1 4 4 3 2 4 4 4 4 4 0 4 4 3 4 2 587.002303
0 1 0 3 0 4 1 2 0 4 0 4 3 4 1 4 4 3 2 4 4 4 4 4 0 4 4 3 4 2 588.002172
0 1 0 3 0 4 1 2 0 4 0 4 3 4 1 4 4 3 2 4 4 4 0 4 0 4 4 3 4 2 589.002215
0 1 0 3 0 4 1 2 0 4 0 4 3 4 1 4 4 4 2 4 4 4 0 4 0 4 4 3 4 2 590.002195
0 1 0 3 0 4 1 2 0 4 0 4 3 4 1 4 4 4 2 4 4 4 0 4 0 4 4 3 4 2 591.002207
0 1 0 3 0 4 1 2 0 4 0 4 3 4 1 4 4 4 2 4 4 4 0 4 0 4 4 3 4 2 592.002296
0 1 0 3 0 4 1 2 0 4 0 4 3 4 1 4 4 4 2 4 4 4 0 4 0 4 4 3 4 2 593.002317
0 0 0 3 0 4 1 2 0 4 0 4 4 4 1 4 4 4 2 4 4 4 0 4 0 4 4 3 4 2 594.002278
0 0 0 3 0 4 1 2 0 4 0 4 4 4 1 4 4 4 2 4 4 4 0 4 0 4 4 3 4 2 595.002280
0 0 0 3 0 4 1 2 0 4 0 4 4 4 1 4 4 4 2 4 4 4 0 4 0 4 4 3 4 2 596.002335
0 0 0 3 0 4 1 2 0 4 0 4 4 4 1 4 4 4 2 4 4 4 0 4 0 4 4 3 4 2 597.002259
0 0 0 3 0 4 1 2 0 4 0 4 3 4 1 4 4 4 2 4 4 4 0 4 0 4 4 3 4 2 598.002220
0 0 0 3 0 4 1 0 0 4 0 4 3 4 1 4 4 4 2 4 4 4 0 4 0 4 4 3 4 2 599.002305
