0 4 4 0 0 4 0 0 4 0 0 1 0 0 0 0 4 0 0 0 4 4 0 0 0 1 0 0 1 1 2.053276
0 4 4 0 0 4 0 0 4 0 0 1 0 0 0 0 4 0 0 0 4 4 0 0 0 1 0 0 1 1 3.025087
0 4 4 0 0 4 0 0 4 0 0 1 0 0 0 0 4 0 0 0 4 4 0 0 0 1 0 0 1 1 4.021594
0 4 4 0 0 4 0 0 4 0 0 1 0 0 0 0 4 0 0 0 4 4 0 0 0 1 0 0 1 1 5.006752
0 4 4 0 0 4 0 0 4 0 0 1 0 0 0 0 4 0 0 0 4 4 0 0 0 1 0 0 1 1 6.005099
0 4 4 0 0 4 0 0 4 0 0 1 0 0 0 0 4 0 0 0 4 4 0 0 0 1 0 0 1 1 7.00574
0 4 4 0 0 4 0 0 4 0 0 1 0 0 0 0 4 0 0 0 4 4 0 0 0 1 0 0 1 1 8.004229
0 4 4 3 0 4 0 0 4 0 0 1 0 0 0 0 4 0 0 0 4 4 0 0 0 1 0 0 1 1 9.005725
0 4 4 3 0 4 0 0 4 0 0 1 0 0 0 0 4 3 0 0 4 4 0 0 0 1 0 0 1 1 10.005079
0 4 4 3 0 4 0 0 4 0 0 1 0 0 0 0 4 3 0 0 4 4 0 0 0 1 0 0 1 1 11.00541
0 4 4 3 0 4 0 0 4 0 0 1 0 0 0 0 4 3 4 0 4 4 0 0 0 1 0 0 1 1 12.00567
0 4 4 3 0 4 3 0 4 0 0 1 0 0 0 0 4 3 4 0 4 4 0 0 0 1 0 0 1 1 13.005562
0 4 4 3 0 4 3 0 4 0 0 1 0 0 0 0 4 3 4 0 4 4 0 0 0 1 0 0 1 1 14.005674
0 4 4 3 0 4 3 0 4 0 0 1 0 0 0 0 4 3 4 0 4 4 0 0 0 1 0 0 1 1 15.006696
0 4 4 3 0 4 3 0 4 0 0 1 0 0 0 0 4 3 4 0 1 4 0 0 0 1 0 0 1 1 16.006025
0 4 1 3 0 4 3 0 4 0 0 1 0 0 0 0 1 3 4 0 1 4 0 0 0 1 0 0 1 1 17.00458
0 4 1 3 0 4 3 0 3 0 0 1 0 0 0 0 1 3 4 0 1 4 0 0 0 1 0 0 1 1 18.00557
0 4 1 3 0 4 3 0 3 0 0 1 0 0 0 0 1 3 4 0 1 4 0 0 0 1 0 0 1 1 19.005848
0 4 1 3 0 4 3 0 3 0 0 1 0 0 0 0 1 3 4 0 1 4 0 0 0 4 0 0 1 1 20.005539
0 4 1 3 0 4 3 0 3 0 0 1 0 0 0 0 1 3 4 0 1 4 0 0 0 4 0 0 1 1 21.005691
0 4 1 3 0 4 3 0 3 0 0 1 0 0 0 0 1 3 4 0 1 4 0 0 0 4 0 0 1 1 22.00532
0 4 1 3 0 4 3 0 3 0 0 1 0 0 0 0 1 3 4 0 1 4 0 0 0 4 0 0 1 1 23.005195
0 4 1 3 0 4 3 0 3 0 0 1 0 0 0 0 1 3 4 0 1 4 0 0 0 4 0 0 1 1 24.005001
0 4 1 3 0 4 3 0 3 0 0 1 0 0 0 0 1 3 4 0 1 4 0 0 0 4 0 0 1 1 25.004826
0 4 1 3 0 4 3 0 3 0 0 1 0 0 0 0 1 3 4 0 1 4 0 0 0 4 0 0 1 4 26.004597
0 4 1 3 0 4 3 0 3 0 0 1 0 0 0 0 1 3 4 0 1 4 0 0 0 4 0 0 1 4 27.004544
0 4 1 3 0 4 3 0 3 0 0 1 0 0 0 0 1 4 4 0 1 4 0 0 0 4 0 0 1 4 28.004544
0 4 1 4 0 4 3 0 3 0 0 1 0 0 0 0 1 4 4 0 1 4 0 0 0 4 0 0 4 4 29.00492
0 4 1 4 0 4 3 0 3 0 0 1 0 0 0 0 1 4 4 0 1 4 0 0 0 4 0 0 4 4 30.005145
0 4 1 4 0 4 3 0 3 0 0 0 0 0 0 0 1 4 4 0 1 4 0 0 0 4 0 0 4 4 31.00546
0 4 1 4 0 4 3 0 3 0 0 0 0 0 0 0 1 4 4 0 1 4 0 0 0 4 0 0 4 4 32.008199
0 4 1 4 0 4 3 0 3 0 0 0 0 0 0 0 1 4 4 0 1 4 0 0 0 4 0 0 4 4 33.013909
0 4 1 4 0 4 0 0 3 0 0 0 0 0 0 0 1 4 4 0 1 4 0 0 0 4 0 0 4 4 34.007416
0 4 1 4 0 4 0 0 3 0 0 0 0 0 0 0 1 4 4 0 0 4 0 0 0 4 0 0 4 4 35.004463
0 4 1 4 0 4 0 0 3 0 0 0 0 0 0 0 1 4 4 0 0 4 0 0 0 4 0 0 4 4 36.004449
0 4 1 4 0 4 0 0 3 0 0 0 0 0 0 0 1 4 4 0 0 4 0 0 0 4 0 0 4 4 37.004374
0 4 1 4 0 4 0 0 3 0 0 0 0 0 0 0 1 4 4 0 0 4 0 0 0 4 0 0 4 4 38.004638
0 4 1 4 0 4 0 0 3 0 0 0 0 0 0 0 1 4 4 0 0 4 0 0 0 4 0 0 4 4 39.004484
0 4 3 4 0 4 0 0 3 0 0 0 0 0 0 0 3 4 4 0 0 4 0 0 0 4 0 0 0 4 40.003197
0 4 3 4 0 4 0 0 3 0 0 0 0 0 0 0 3 4 4 0 0 4 0 0 0 4 0 0 0 4 41.009305
0 4 3 4 0 4 0 0 3 0 0 0 0 0 0 0 3 4 4 0 0 4 0 0 0 4 0 0 0 4 42.003495
0 4 3 4 0 4 0 0 3 0 0 0 0 0 0 0 3 4 4 0 0 4 0 0 0 4 0 0 0 4 43.003218
0 4 3 4 0 4 0 0 3 0 0 0 0 0 0 0 3 4 4 0 0 4 0 0 0 4 0 0 0 4 44.003101
0 4 3 4 0 4 0 0 3 0 0 0 0 0 0 0 3 4 4 0 0 4 0 0 0 4 0 0 0 4 45.005528
0 4 3 4 0 4 0 0 3 0 0 0 0 0 0 0 3 4 4 0 0 4 0 0 0 4 0 0 0 4 46.004795
0 4 3 4 0 4 0 0 3 0 0 0 0 0 0 0 3 4 4 0 0 4 0 0 0 4 0 0 0 4 47.003736
0 4 3 4 0 4 0 0 3 0 0 0 0 0 0 0 3 4 4 0 0 4 0 0 0 4 0 0 0 4 48.004792
0 4 3 0 0 4 0 0 3 0 0 0 0 0 0 0 3 4 4 0 0 4 0 0 0 4 0 0 0 4 49.003695
0 4 3 0 0 4 0 0 3 0 0 0 0 0 0 0 3 4 4 0 0 4 0 0 0 4 0 0 0 4 50.003651
0 4 3 0 0 4 0 0 0 0 0 0 0 0 0 0 3 4 4 0 0 4 0 0 0 4 0 0 0 4 51.003708
0 4 3 0 0 4 0 0 0 0 0 0 0 0 0 0 3 4 4 0 0 4 0 0 0 4 0 0 0 4 52.003954
0 4 3 0 0 0 0 0 0 0 0 0 0 0 0 0 3 4 4 0 0 4 0 0 0 4 0 0 0 4 53.003996
0 0 3 0 0 0 0 0 0 0 0 0 0 0 0 0 3 4 0 0 0 4 0 0 0 4 0 0 0 4 54.005136
0 0 3 0 0 0 0 0 0 0 0 0 0 0 0 0 3 4 0 0 0 4 0 0 0 4 0 0 0 4 55.005242
0 0 3 0 0 0 0 0 2 0 0 0 0 0 0 0 3 4 0 0 0 4 0 0 0 4 0 0 0 4 56.00388
0 0 3 0 0 0 0 0 2 4 0 0 0 0 0 0 3 4 0 0 0 4 0 0 0 4 0 4 0 4 57.003642
0 0 3 0 0 0 0 0 2 4 0 0 0 0 0 0 3 4 0 0 0 4 0 0 0 4 0 4 0 4 58.00362
0 0 3 0 0 0 0 0 2 4 0 0 0 0 0 0 3 4 0 0 0 4 0 0 0 4 0 4 0 4 59.004984
0 0 3 0 0 0 0 0 2 4 0 0 0 0 0 0 3 4 0 0 0 4 0 0 0 0 0 4 0 4 60.004062
0 0 3 0 0 0 0 0 2 4 0 0 0 0 0 0 3 4 0 0 0 4 0 0 0 0 0 4 0 4 61.003818
0 0 3 0 0 0 0 0 2 4 0 0 0 0 0 0 3 4 0 0 0 4 0 0 0 0 0 4 0 4 62.003528
0 0 3 0 0 0 0 0 2 4 0 0 0 0 0 0 3 4 0 0 0 4 0 0 0 0 0 4 0 4 63.004808
0 0 3 0 0 0 0 0 2 4 0 0 0 0 0 0 3 4 0 0 0 4 0 0 0 0 0 4 0 4 64.004975
0 0 3 0 0 0 0 0 2 4 0 0 0 0 0 0 3 4 0 0 0 4 0 0 0 0 0 4 0 4 65.004912
0 0 3 0 0 0 0 0 2 4 0 0 0 0 0 0 3 4 0 0 0 4 0 0 0 0 0 4 0 4 66.004585
0 0 3 0 0 0 0 0 2 4 0 0 0 0 0 0 3 4 0 0 0 4 0 0 0 0 4 4 0 4 67.005854
0 0 3 0 0 0 0 0 2 4 0 0 0 0 0 0 3 4 0 0 0 4 0 0 0 0 4 4 0 4 68.005173
0 0 3 0 0 0 0 0 2 4 0 0 0 0 0 0 3 4 0 0 0 4 0 0 0 0 4 4 0 4 69.004742
0 0 3 0 0 0 0 0 2 4 0 0 0 0 0 0 3 4 0 0 0 4 0 0 0 0 4 4 0 4 70.003246
0 0 3 0 0 0 0 0 2 4 0 0 0 0 0 0 3 4 0 0 0 4 0 0 0 0 4 4 0 4 71.004544
0 0 3 0 0 0 0 0 2 4 0 0 0 0 0 0 3 4 0 0 0 4 0 0 0 0 4 4 0 4 72.005066
0 0 3 0 0 0 0 0 2 4 0 0 0 0 0 0 3 4 0 0 0 4 0 0 0 0 4 4 0 4 73.008138
0 0 3 0 0 0 0 0 2 4 0 0 0 0 0 0 3 4 0 0 0 4 0 0 0 0 4 4 0 4 74.026745
0 2 3 0 0 0 0 0 0 4 0 0 0 0 0 0 3 4 0 0 0 4 0 0 0 0 4 4 0 4 75.026252
0 2 3 0 0 0 2 0 0 4 0 0 0 0 0 0 3 4 0 0 0 4 0 0 0 0 4 4 0 4 76.028421
0 2 3 0 0 0 2 0 0 4 0 0 0 0 0 0 3 4 0 0 0 4 0 0 0 0 4 4 0 4 77.027715
0 2 3 0 0 0 2 0 0 4 0 0 0 0 0 0 3 4 0 0 0 4 0 0 0 0 4 4 0 4 78.112002
0 2 3 0 0 0 2 0 0 4 0 0 0 0 0 0 3 4 0 0 0 4 0 0 0 0 4 4 0 4 79.110329
0 2 3 0 0 0 2 0 0 4 0 0 0 0 0 0 3 4 0 0 0 4 0 0 0 0 4 4 0 4 80.111295
0 2 3 0 0 0 2 0 0 4 0 0 0 0 0 0 3 4 0 0 0 4 0 0 0 0 4 4 0 4 81.05526
0 2 3 0 0 0 2 0 0 4 0 0 0 0 0 0 3 4 0 0 0 4 0 0 0 0 4 4 0 4 82.028572
0 2 3 0 0 0 2 0 0 4 0 0 0 0 0 0 3 4 0 0 0 4 0 0 0 0 4 4 0 4 83.028768
0 2 3 0 0 0 2 0 0 4 0 0 0 0 0 4 3 4 0 0 0 4 0 0 0 0 4 4 0 4 84.035051
0 2 3 0 0 0 2 0 0 4 0 0 0 0 0 4 3 2 0 0 0 4 0 0 0 0 4 4 0 4 85.028733
0 2 3 0 0 0 2 0 0 4 0 0 0 0 0 4 3 2 0 0 0 4 0 0 0 0 4 4 0 4 86.113248
0 2 0 0 0 0 2 0 0 4 0 0 0 0 0 4 3 2 0 0 0 4 0 0 0 0 4 4 0 4 87.11413
0 2 0 0 0 0 2 0 0 4 0 0 0 0 0 4 3 2 0 0 0 0 0 0 0 0 4 4 0 4 88.112544
0 2 0 0 0 0 2 0 0 4 0 0 0 0 0 4 3 2 0 0 0 0 0 0 0 0 4 4 0 4 89.054734
0 2 0 0 0 0 2 0 0 4 0 0 0 0 0 4 3 2 0 0 0 0 0 0 0 0 4 4 0 4 90.053405
0 2 0 0 0 0 2 0 0 4 0 0 0 0 0 4 4 2 0 0 0 0 0 0 0 0 4 4 0 4 91.026572
0 0 0 0 0 0 2 0 0 4 0 0 0 0 0 4 4 2 0 0 0 0 0 0 0 0 4 0 0 4 92.026837
0 0 0 0 0 0 2 0 0 4 0 0 0 0 0 4 4 2 0 0 0 0 0 0 0 0 4 0 0 4 93.01374
0 0 0 0 0 0 2 0 0 4 0 0 0 0 0 4 4 2 0 0 0 0 0 0 0 0 4 0 0 4 94.013456
0 0 0 0 0 0 2 0 0 4 0 0 0 0 4 4 4 4 0 0 0 0 0 0 0 0 4 0 0 4 95.007251
0 0 0 0 0 0 2 0 0 4 0 0 0 0 4 4 4 4 0 0 0 0 0 0 0 0 4 0 0 4 96.007059
0 0 0 0 0 0 2 0 0 4 0 0 0 0 4 4 4 4 0 0 0 0 0 0 0 0 4 0 0 4 97.013033
0 0 0 0 0 0 2 0 0 4 0 0 0 0 4 4 4 4 0 0 0 0 0 0 0 0 4 0 0 4 98.012898
0 0 0 0 0 0 2 0 0 4 0 0 0 0 4 4 4 4 0 0 0 0 0 0 0 0 4 0 0 4 99.013436
0 0 0 0 0 0 4 0 0 4 0 0 0 0 4 4 4 4 0 0 0 0 0 0 0 0 4 0 0 4 100.025839
0 0 0 0 0 0 4 0 0 4 0 0 0 0 4 4 4 4 0 0 0 0 0 0 0 0 4 0 0 4 101.026937
0 0 0 0 0 0 4 0 0 4 0 0 0 0 4 4 4 4 0 0 0 0 0 0 0 0 4 0 0 4 102.027455
0 0 0 0 0 0 4 0 0 4 0 0 0 0 4 4 4 4 0 0 0 0 0 0 0 0 4 0 1 4 103.025466
0 0 0 0 0 0 4 0 4 4 0 0 0 0 4 4 4 4 0 0 0 0 0 0 0 0 4 0 1 4 104.025866
0 0 0 0 0 0 4 0 4 4 0 0 0 0 4 4 4 4 0 0 0 0 0 0 0 0 4 0 1 4 105.013135
0 0 0 0 0 0 4 0 4 4 0 0 0 0 4 4 4 4 0 0 0 0 0 0 0 0 4 0 1 4 106.013041
0 0 0 0 0 0 4 0 4 4 0 0 0 0 4 4 4 4 0 0 3 0 0 0 0 0 4 0 1 4 107.014492
0 3 0 0 0 0 4 0 4 4 0 0 0 0 4 4 4 4 0 0 3 0 0 0 0 0 4 0 1 4 108.05453
0 3 0 0 0 0 4 0 4 4 0 0 0 0 4 4 4 4 0 0 3 0 0 0 0 0 4 0 1 4 109.054048
0 3 0 0 0 0 4 0 4 4 0 0 0 0 4 4 4 4 0 0 3 0 0 0 0 0 4 0 1 4 110.055674
0 3 4 0 0 0 4 0 4 4 0 0 0 0 4 4 4 4 0 0 3 0 0 0 0 0 4 0 1 4 111.122388
0 3 4 0 0 0 4 0 4 4 0 0 3 0 4 4 4 4 0 0 3 0 0 0 0 0 4 0 1 4 112.116719
0 3 4 0 0 0 4 0 4 4 0 0 3 0 4 4 4 4 0 0 3 0 0 0 0 0 4 0 1 4 113.11322
0 3 4 0 0 0 4 0 4 4 0 0 3 0 4 4 4 4 0 0 3 0 0 0 0 0 4 0 1 4 114.112095
0 3 4 0 0 0 4 0 4 4 0 0 3 0 4 4 4 4 0 0 3 0 0 0 0 0 4 0 1 4 115.120475
0 3 4 0 0 0 4 0 4 4 0 0 3 0 4 4 4 4 0 0 3 0 0 0 0 0 4 0 1 4 116.123198
0 3 4 0 0 0 4 0 4 4 0 0 3 0 4 4 4 4 0 0 3 0 0 0 0 0 4 0 1 4 117.125195
0 3 4 0 0 0 4 0 4 4 0 0 3 0 4 4 4 4 0 0 3 0 0 0 0 0 4 0 1 4 118.123056
0 3 4 0 0 0 4 0 4 4 0 0 3 0 4 4 4 4 0 0 3 0 0 0 0 0 4 0 1 4 119.113403
0 3 4 0 0 0 4 0 4 4 0 0 3 0 4 4 4 4 0 0 3 0 0 0 0 0 4 0 1 4 120.122524
0 3 4 0 0 0 4 0 4 4 0 0 3 0 4 4 4 4 0 0 3 0 0 0 0 0 4 0 1 4 121.124539
0 3 4 0 0 0 4 0 4 4 0 0 3 0 4 4 4 4 0 0 3 0 0 0 0 0 4 0 1 4 122.058049
0 3 4 0 0 0 4 0 4 4 0 0 3 0 4 4 4 4 0 0 3 0 0 0 0 0 3 0 1 4 123.056956
0 3 4 0 0 0 4 0 4 4 0 0 3 0 4 4 4 4 0 0 3 0 0 0 0 0 3 0 1 4 124.026392
0 3 4 0 0 0 4 0 4 3 0 0 3 0 4 4 4 4 0 0 3 0 0 0 0 0 3 0 1 4 125.026255
0 3 4 0 0 0 4 0 4 3 0 0 3 0 4 0 4 4 0 0 3 0 0 0 0 0 3 0 1 4 126.013439
0 3 4 0 0 0 4 0 4 3 0 0 3 0 4 0 4 4 0 0 3 0 0 0 0 0 3 0 0 4 127.013482
0 3 4 0 0 0 4 0 4 3 0 0 3 0 4 0 4 4 0 0 3 0 0 0 0 0 3 0 0 4 128.053751
0 3 4 0 0 0 4 0 4 3 0 0 3 0 4 0 4 4 0 0 3 0 0 0 0 0 3 0 0 4 129.026267
0 3 4 0 0 0 4 0 4 3 0 0 3 0 4 0 4 4 0 0 3 0 0 0 0 0 3 0 0 1 130.026696
0 3 1 0 0 0 4 0 4 3 0 0 3 1 4 0 4 4 0 0 3 0 0 0 0 0 3 0 0 1 131.026666
0 3 1 0 0 0 4 0 4 3 0 0 3 1 4 0 4 4 0 0 3 0 0 0 0 0 3 0 0 1 132.027901
0 3 1 0 0 0 4 0 4 3 0 0 3 1 4 0 4 4 0 0 3 0 0 0 0 0 3 0 0 1 133.025951
0 3 1 0 0 0 4 0 4 3 0 0 3 1 4 0 4 4 0 0 3 0 0 0 0 0 3 0 0 1 134.013257
0 3 1 0 0 0 4 0 4 3 0 0 3 1 4 0 4 4 0 0 3 0 0 0 0 0 3 0 0 1 135.007827
0 3 1 0 0 0 4 0 4 3 0 0 3 1 4 0 4 4 0 0 3 0 0 0 0 0 3 0 0 1 136.007012
0 3 1 0 0 0 4 0 4 3 0 0 3 1 4 0 4 4 0 0 3 0 4 0 0 0 3 0 0 1 137.006878
0 3 1 0 3 0 4 0 4 0 0 0 4 1 4 0 4 4 0 0 4 0 4 0 0 0 3 0 0 1 138.006806
0 3 1 0 3 0 4 0 4 0 0 0 4 1 4 0 4 4 0 0 4 0 4 0 0 0 3 0 0 1 139.006927
0 3 1 0 3 0 4 0 4 0 0 0 4 1 4 0 4 4 0 0 4 0 4 0 0 0 3 0 0 1 140.004178
0 3 1 0 3 0 4 0 4 0 0 0 4 1 4 0 4 4 0 0 4 0 4 0 0 0 3 0 0 1 141.006918
0 3 1 0 3 0 4 4 4 0 0 0 4 1 4 0 4 4 0 0 4 0 4 0 0 0 3 0 0 1 142.00711
4 3 1 0 3 0 4 4 4 0 0 0 4 1 4 0 4 4 0 0 4 0 4 0 0 0 3 0 0 1 143.007096
4 3 1 0 3 0 4 4 4 0 0 0 4 1 4 0 4 4 0 0 4 0 4 0 0 0 3 0 0 1 144.007414
4 3 1 0 3 0 4 4 4 0 0 0 4 1 4 0 4 4 0 0 4 0 4 0 0 0 3 0 0 1 145.007288
4 3 1 0 3 0 4 4 1 0 0 0 4 1 4 0 4 4 0 0 4 0 4 0 0 0 3 0 0 1 146.007656
4 3 1 0 3 0 4 4 1 0 0 0 4 1 4 0 1 4 0 0 4 0 4 0 0 0 3 0 0 1 147.013753
4 3 1 0 3 0 4 4 1 0 0 0 4 1 4 0 1 4 0 0 4 0 4 0 0 0 3 0 0 1 148.013957
4 3 1 0 3 0 4 4 1 0 0 0 4 1 4 0 1 4 0 0 4 0 4 0 0 0 3 0 0 1 149.014068
4 3 1 0 3 0 4 4 1 0 0 0 4 1 3 0 1 4 0 0 4 0 4 0 0 0 0 0 0 1 150.007129
4 3 1 0 3 0 4 4 1 0 0 0 4 1 3 0 1 4 0 0 4 0 4 0 0 0 0 0 0 1 151.007169
4 3 1 0 3 0 4 4 1 0 0 0 4 1 3 0 1 4 0 0 4 0 4 0 0 0 0 0 0 1 152.004823
4 3 1 0 3 0 4 4 1 0 0 0 4 1 3 0 1 4 0 0 4 0 4 0 0 0 0 0 0 1 153.007011
4 3 1 0 3 0 4 4 1 0 0 0 4 1 3 0 1 4 0 0 4 0 4 0 0 0 0 0 0 1 154.012982
4 3 1 0 3 0 4 4 1 0 0 0 4 1 3 0 1 4 0 0 4 0 4 0 0 0 0 0 0 1 155.018877
4 3 1 0 3 0 4 4 1 0 0 0 4 1 3 0 1 4 0 0 4 0 4 0 0 0 0 0 0 1 156.014806
4 3 1 0 3 0 4 4 1 0 0 0 4 1 3 0 1 4 0 0 4 0 4 0 4 0 0 0 0 1 157.013956
4 3 1 0 3 0 4 4 1 0 0 0 4 1 3 0 1 4 0 0 4 0 4 0 4 0 0 0 0 1 158.014133
4 3 1 0 3 0 4 4 1 0 0 0 4 1 3 0 1 4 0 0 4 0 4 0 4 0 0 0 0 1 159.014442
4 3 1 0 3 0 4 4 1 0 0 0 4 1 3 0 1 4 0 0 4 0 4 0 4 0 0 0 0 1 160.014212
4 3 1 0 3 0 4 4 1 0 0 0 4 1 3 0 1 4 0 0 4 0 4 0 4 0 0 0 0 1 161.027656
4 3 1 0 3 0 4 4 1 0 0 0 4 1 3 0 1 4 0 0 4 0 4 0 4 0 0 0 0 1 162.035462
4 3 1 0 3 0 4 4 1 0 0 0 4 1 3 0 1 4 0 0 4 0 4 0 4 0 0 0 0 1 163.029532
4 3 1 0 3 0 4 4 1 0 0 0 4 1 3 0 1 4 0 0 4 0 4 0 4 0 0 0 0 1 164.027541
4 3 1 0 3 0 4 4 1 0 0 0 4 1 3 0 1 4 0 0 4 0 4 0 4 0 0 0 0 1 165.028547
4 3 1 0 3 0 4 4 1 0 0 0 4 1 3 0 1 4 0 0 4 0 4 0 4 0 0 0 0 1 166.027816
4 3 1 0 3 0 4 4 1 0 0 0 4 1 3 0 1 4 0 0 4 0 4 0 4 0 0 0 0 1 167.029595
4 3 1 0 3 0 4 4 1 0 0 0 4 1 3 0 1 4 0 0 4 0 4 0 4 0 0 0 0 1 168.059134
4 3 1 0 3 0 4 4 1 0 0 0 4 1 3 0 1 4 0 0 4 0 4 0 4 0 0 0 0 1 169.061425
4 3 1 0 3 0 4 4 1 0 0 0 4 1 3 0 1 4 0 0 4 0 4 0 4 0 0 0 0 1 170.054972
4 0 1 0 0 0 4 4 1 0 0 0 4 1 3 0 1 4 0 0 4 0 4 0 4 0 0 0 0 1 171.014684
4 0 4 0 0 0 4 4 1 0 0 0 4 1 3 0 1 4 0 0 4 0 4 0 4 0 0 0 0 1 172.014225
4 0 4 0 0 0 4 4 1 0 0 0 4 1 3 0 4 4 0 0 4 0 4 0 4 0 0 0 0 0 173.005602
4 0 4 0 0 0 4 4 1 0 0 0 4 4 3 0 4 4 0 0 4 0 4 0 4 0 0 0 0 0 174.003459
4 0 4 0 0 0 4 4 1 0 0 0 4 4 3 0 4 4 0 0 4 0 4 0 4 0 0 0 0 0 175.003175
4 0 4 0 0 0 4 4 1 0 0 0 4 4 3 0 4 4 0 0 4 0 4 0 4 0 0 0 0 0 176.003221
4 0 4 0 0 0 4 4 1 0 0 0 4 4 3 0 4 4 0 0 4 0 4 0 4 0 0 0 0 0 177.00309
4 0 4 0 0 0 4 4 4 0 0 0 4 4 3 0 4 4 0 0 4 0 4 0 4 0 0 0 0 0 178.002433
4 0 4 0 0 0 4 4 4 0 0 0 4 4 3 0 4 4 0 0 4 0 0 0 4 0 0 0 0 0 179.002305
4 0 4 0 0 0 4 4 4 0 0 0 4 4 3 0 4 4 0 0 4 0 0 0 4 0 0 0 0 0 180.002441
4 0 4 0 0 0 4 4 4 0 0 0 4 4 3 0 4 4 0 0 4 0 0 0 4 0 0 0 0 0 181.002432
4 0 4 0 0 0 4 4 4 0 0 0 4 4 3 0 4 4 0 0 4 0 0 0 4 0 0 0 0 0 182.00265
0 0 4 0 0 0 4 4 4 0 0 0 4 4 3 0 4 4 0 0 4 0 0 0 4 0 0 0 0 0 183.00285
0 0 4 0 0 0 4 4 4 0 0 0 4 4 3 0 4 4 0 0 4 0 0 0 4 0 0 0 0 0 184.002683
0 0 4 0 0 0 4 4 4 0 0 0 4 4 3 0 4 4 0 0 4 0 0 0 4 0 0 0 0 0 185.002145
0 0 4 0 0 0 0 4 4 0 0 0 4 4 3 0 4 4 0 0 4 0 0 0 4 0 0 0 0 0 186.001845
0 0 4 0 0 0 0 4 4 0 0 0 4 4 3 0 4 4 0 0 4 0 0 0 4 0 0 0 0 0 187.002709
0 0 4 0 0 0 0 4 4 0 0 0 4 4 3 0 4 4 0 0 4 0 0 0 4 0 0 0 0 0 188.002047
0 0 4 0 0 0 0 4 4 0 0 0 4 4 2 0 4 4 0 0 4 0 0 0 4 0 0 0 0 0 189.002176
0 0 4 0 0 0 0 4 4 0 0 0 4 4 2 0 4 4 0 0 4 0 0 0 4 0 0 0 0 0 190.002718
0 0 4 0 0 0 0 4 4 0 0 0 4 4 2 0 4 4 0 0 4 0 0 0 4 0 0 0 0 0 191.003787
0 0 4 0 0 0 0 4 4 0 0 0 4 4 2 0 4 4 0 0 4 0 0 0 4 0 0 0 0 0 192.003709
0 0 4 0 0 0 0 4 4 0 0 0 4 4 2 0 4 4 0 0 4 0 0 0 4 0 0 0 0 0 193.003269
0 0 4 0 0 0 0 4 4 0 0 0 4 4 2 0 4 4 0 0 4 0 0 0 4 0 0 0 0 0 194.003206
0 0 4 0 0 0 0 4 4 0 0 0 4 4 2 0 4 4 0 0 4 0 0 0 4 0 0 0 0 0 195.003226
0 0 4 0 0 0 0 4 4 0 0 0 4 4 2 0 4 4 0 0 4 0 0 0 4 0 0 0 0 0 196.00454
0 0 4 0 0 0 0 4 4 0 0 0 4 4 2 0 4 4 0 0 4 0 0 0 4 0 0 0 0 0 197.008023
0 0 4 0 0 0 0 4 4 0 0 0 4 4 2 0 4 4 0 0 4 0 0 0 4 0 2 0 0 0 198.013988
0 0 4 0 0 0 0 4 4 0 0 0 4 4 2 0 4 4 0 0 4 0 0 0 4 0 2 0 0 0 199.027526
0 0 4 0 0 0 0 4 4 0 0 0 4 4 2 0 4 4 0 0 4 0 0 0 4 0 2 0 0 0 200.026259
0 0 4 0 0 0 0 4 4 0 0 0 4 4 2 0 4 0 0 0 4 0 0 0 4 0 2 0 0 0 201.013468
0 0 4 0 0 0 0 4 4 0 0 0 4 4 2 0 4 0 0 0 4 0 0 0 4 0 2 0 0 0 202.007279
0 0 4 0 0 0 0 4 4 0 0 0 4 4 2 0 4 0 0 0 4 0 0 0 4 0 2 0 0 0 203.007099
0 0 4 0 0 0 0 4 4 0 0 0 4 4 2 0 4 0 0 0 4 0 0 0 4 0 2 0 0 0 204.013382
0 0 4 0 0 0 0 4 4 0 0 0 4 4 2 0 4 0 0 0 4 0 0 0 4 0 2 0 0 0 205.007239
0 0 4 0 0 0 0 4 4 0 0 0 4 4 2 0 4 0 0 0 4 0 0 0 4 0 2 0 0 0 206.004497
0 0 4 0 0 0 0 4 4 0 0 0 4 4 2 0 4 0 0 0 4 0 0 0 4 0 2 0 0 0 207.007276
0 0 4 0 0 0 0 4 4 0 0 0 4 4 2 0 4 0 0 0 4 0 0 0 4 0 2 0 0 0 208.007621
0 0 4 0 0 0 0 4 4 0 0 0 4 4 2 0 4 0 0 0 4 0 0 0 4 0 2 0 0 0 209.00771
0 0 4 0 0 0 0 4 4 0 0 0 4 4 2 0 4 0 0 0 4 0 0 0 4 0 2 0 0 0 210.007189
0 2 4 0 0 0 0 4 4 0 0 0 4 4 2 0 4 0 0 0 4 0 0 0 4 0 0 0 0 0 211.004816
0 2 4 0 0 0 0 4 4 0 0 4 4 4 2 0 4 0 0 0 4 0 0 0 4 0 0 0 0 0 212.004664
0 2 4 0 0 0 0 0 4 0 0 4 4 4 2 0 4 0 0 0 4 0 0 0 4 0 0 0 0 0 213.004951
0 2 4 0 0 0 0 0 4 0 0 4 4 4 2 0 4 0 0 0 4 0 0 0 4 0 0 0 0 0 214.004683
0 2 4 0 2 0 0 0 4 0 0 4 4 4 2 0 4 0 0 0 4 0 0 0 4 0 0 0 0 0 215.007183
0 2 4 0 2 0 0 0 4 0 0 4 4 4 2 0 4 0 0 0 4 0 0 0 4 0 0 0 0 0 216.007573
0 2 4 0 2 0 0 0 4 0 0 4 4 4 2 0 4 0 0 0 4 0 0 0 4 0 0 0 0 0 217.008028
0 2 4 0 2 0 0 0 4 0 0 4 4 4 2 0 4 0 0 0 4 0 0 0 4 0 0 0 0 0 218.00452
0 2 4 0 2 0 0 0 4 0 0 4 4 4 2 0 4 0 0 0 4 0 0 0 4 0 0 0 0 0 219.007823
0 2 4 0 2 0 0 0 4 0 0 4 4 4 2 0 4 0 0 0 2 0 0 0 4 0 0 0 0 0 220.013564
0 2 4 0 2 0 0 0 4 0 0 4 2 4 2 0 4 0 0 0 2 0 0 0 4 0 0 0 0 0 221.008266
0 2 4 0 2 0 0 0 4 0 0 4 2 4 2 0 4 0 0 0 2 0 0 0 4 0 0 0 0 0 222.02748
0 2 4 0 2 0 0 0 4 0 0 4 2 4 2 0 4 0 0 0 2 0 0 0 4 0 0 0 0 0 223.053577
0 2 4 0 2 0 0 0 4 0 0 4 2 4 2 0 4 0 0 0 2 0 0 0 4 0 0 0 0 0 224.054672
0 2 4 0 2 0 0 0 4 0 0 4 2 4 2 0 4 0 0 0 2 0 0 0 4 0 0 0 0 0 225.05412
0 2 4 0 2 0 0 0 4 0 0 4 2 4 2 0 4 0 0 0 2 0 0 0 4 0 0 0 0 0 226.054601
0 2 4 0 2 0 0 0 4 0 0 4 2 4 2 0 4 0 0 0 2 0 0 0 4 0 0 0 0 0 227.054255
0 2 4 0 2 0 0 0 4 0 0 4 2 4 2 0 4 0 0 0 2 0 0 0 4 0 0 0 0 0 228.026536
0 2 4 0 2 0 0 0 4 0 0 4 2 4 2 0 4 0 0 0 2 0 0 0 4 0 0 0 0 0 229.02622
0 2 4 0 2 0 0 0 4 0 0 4 2 4 2 0 4 0 0 0 2 2 0 0 4 0 0 0 0 0 230.026794
0 2 4 0 2 0 0 0 4 0 0 4 2 4 3 0 4 0 0 0 2 2 0 0 4 0 0 4 0 0 231.007118
0 2 4 0 2 0 0 0 4 0 0 4 2 4 3 0 4 0 0 0 2 2 0 0 4 0 0 4 0 0 232.013867
0 2 4 0 2 0 0 0 4 0 0 4 2 4 3 0 4 0 0 0 2 2 0 0 4 0 0 4 0 0 233.026167
0 2 4 0 2 0 0 0 4 0 0 4 2 4 3 0 4 0 0 0 2 2 0 0 4 0 0 4 0 0 234.027139
0 2 4 0 2 0 0 0 4 0 0 4 2 4 3 0 4 0 0 0 2 2 0 0 4 0 0 4 0 0 235.025705
0 2 4 0 2 0 0 0 4 0 0 4 2 4 3 0 4 0 0 0 2 2 0 0 4 0 0 4 0 0 236.027915
0 2 4 0 2 0 0 0 4 0 0 4 3 4 3 0 4 0 0 0 3 2 0 0 4 0 0 4 0 0 237.063208
0 2 4 0 2 0 0 0 4 0 0 4 3 4 3 2 4 0 0 0 3 2 0 0 4 0 0 4 0 0 238.060432
0 2 4 0 4 0 0 0 4 0 0 4 3 4 3 2 4 0 0 0 3 2 0 0 4 0 0 4 0 0 239.054981
0 2 4 0 4 0 0 0 4 0 0 4 3 4 3 2 4 0 0 0 3 2 0 0 4 0 0 4 4 0 240.053496
0 2 4 0 4 0 0 0 4 0 0 4 3 4 3 2 4 0 0 0 3 2 0 0 4 0 0 4 4 0 241.114195
0 2 4 0 4 0 0 0 4 0 0 4 3 4 3 2 4 0 0 0 3 2 0 0 4 0 0 4 4 0 242.112794
0 2 4 0 4 0 0 0 4 0 0 4 3 4 3 2 4 0 0 0 3 2 0 0 4 0 0 4 4 0 243.235823
4 2 4 0 4 0 0 0 4 0 0 4 3 4 3 2 4 0 0 0 3 2 0 0 4 0 0 4 4 0 244.235361
4 2 4 0 4 0 0 0 4 0 0 4 3 4 3 2 4 0 0 0 3 2 4 0 4 0 0 4 4 0 245.110988
4 2 4 0 4 0 0 0 4 0 0 4 3 4 3 2 4 0 0 0 3 2 4 0 4 0 0 4 4 0 246.132261
4 2 4 0 4 0 0 0 4 0 0 4 3 4 3 2 4 0 0 0 3 2 4 0 4 0 0 4 4 0 247.113907
4 2 4 0 4 0 0 0 4 0 0 4 3 4 3 2 4 0 0 0 3 2 4 0 4 0 0 4 4 0 248.114697
4 2 4 0 4 0 0 0 4 0 0 4 3 4 3 2 4 0 0 0 3 2 4 0 4 0 0 4 4 0 249.052996
4 2 4 0 4 0 0 0 4 0 0 4 3 4 3 2 4 0 0 0 3 2 4 0 4 0 0 4 4 0 250.053637
4 2 4 0 4 0 0 0 4 0 0 4 3 4 3 2 4 0 0 0 3 2 4 0 4 0 0 4 4 0 251.0538
4 2 4 0 4 0 0 0 4 0 0 4 3 4 3 2 4 0 0 0 3 4 4 0 4 0 0 4 4 0 252.053973
4 2 4 0 4 0 0 0 4 0 0 4 3 4 3 2 4 0 0 0 3 4 4 0 4 0 0 4 4 0 253.054132
4 2 4 0 4 0 0 0 4 0 0 4 3 4 3 2 4 0 0 0 3 4 4 0 4 0 0 4 4 0 254.053163
4 2 4 0 4 0 0 0 4 0 0 4 3 4 3 2 4 0 0 0 3 4 4 0 4 0 0 4 4 0 255.054619
4 2 4 0 4 0 0 0 4 0 0 4 3 4 3 0 4 0 0 0 3 4 4 0 4 0 0 4 4 0 256.026218
4 2 4 0 4 0 0 0 4 0 0 4 3 4 3 0 4 0 0 0 3 4 4 0 4 0 0 4 4 0 257.025916
4 2 4 0 4 0 0 0 4 0 0 4 3 4 3 0 4 0 0 3 3 4 4 0 4 0 0 4 4 0 258.113046
4 2 4 0 4 0 0 0 4 0 0 4 3 4 3 0 4 0 0 3 3 4 4 0 4 0 0 4 4 0 259.053991
4 0 4 0 4 0 0 0 4 0 0 4 3 4 3 0 4 0 0 3 3 4 4 0 4 0 0 4 4 0 260.027323
4 0 4 0 4 0 0 0 0 0 0 4 3 4 3 0 0 0 0 3 3 4 4 0 4 0 0 4 4 0 261.026858
4 0 4 0 4 0 0 0 0 0 0 4 3 4 3 0 0 0 0 3 3 4 4 0 4 0 0 4 4 0 262.028909
4 0 4 0 4 0 0 0 0 0 0 4 3 4 3 0 0 0 0 3 3 4 4 0 4 0 0 4 4 0 263.014075
4 0 4 0 4 0 0 0 0 0 0 4 3 4 3 0 0 0 0 3 3 4 4 0 4 0 0 4 4 0 264.01323
4 0 4 0 4 0 0 0 0 0 0 4 3 4 3 0 0 0 0 3 3 4 4 0 4 0 0 4 4 0 265.01296
4 0 4 0 4 0 0 0 0 0 0 4 3 4 3 0 0 0 0 3 3 4 4 0 4 0 0 4 4 0 266.006812
4 0 4 0 4 0 0 0 0 0 0 4 3 4 3 0 0 0 0 3 3 4 4 0 4 0 0 4 4 0 267.028896
4 0 4 0 4 0 0 0 1 0 0 4 3 4 3 0 0 0 0 3 3 4 4 0 4 0 0 4 4 0 268.031397
4 0 4 0 4 0 0 0 1 0 0 4 3 4 3 0 0 0 0 3 3 4 4 0 4 0 0 4 4 0 269.06014
4 0 4 0 4 0 0 0 1 0 0 4 3 4 3 0 0 0 0 3 3 4 4 0 4 0 0 4 4 0 270.054032
4 0 4 0 4 0 0 0 1 0 0 4 3 4 3 4 0 0 3 3 3 4 4 0 4 0 0 4 4 0 271.053512
4 0 4 0 4 0 0 0 1 0 0 4 3 4 3 4 0 0 3 3 3 4 4 0 0 0 0 4 4 0 272.237617
4 0 4 0 4 0 0 0 1 0 0 4 3 4 3 4 0 0 3 3 3 4 4 0 0 0 0 1 4 0 273.113704
4 0 1 0 4 0 0 0 1 0 0 4 3 1 3 4 0 0 3 3 3 4 4 0 0 0 0 1 4 0 274.235094
4 0 1 0 4 0 0 0 1 0 0 4 3 1 3 4 0 0 3 3 3 4 4 0 0 0 0 1 4 0 275.238954
4 0 1 0 4 0 0 0 1 0 0 4 3 1 3 4 0 0 3 3 3 4 4 0 0 0 0 1 4 0 276.247338
4 0 1 0 4 0 0 0 1 0 0 4 3 1 3 4 0 0 3 3 3 4 4 0 0 0 0 1 4 0 277.232232
4 0 1 0 4 0 0 0 1 0 0 4 0 1 3 4 3 0 3 3 0 4 4 0 0 0 0 1 4 0 278.112568
4 0 1 0 4 0 0 0 1 0 0 4 0 1 3 4 3 0 3 3 0 4 4 0 0 0 0 1 4 0 279.111398
4 0 1 0 4 0 0 0 1 0 0 4 0 1 3 4 3 0 3 3 0 4 4 0 0 0 0 1 4 0 280.111298
4 0 1 0 4 0 0 0 1 0 0 4 0 1 3 4 3 0 3 3 0 4 4 0 0 0 0 1 4 0 281.05647
4 0 1 0 4 0 0 0 0 0 0 4 0 1 0 4 3 0 3 3 0 4 4 0 0 0 0 1 4 0 282.068328
4 0 1 0 4 0 0 0 0 0 0 4 0 1 0 4 3 0 3 0 0 0 4 0 0 0 0 1 4 0 283.013141
4 0 1 0 4 0 0 0 0 0 0 4 0 1 0 4 3 0 3 0 0 0 4 0 0 0 0 1 4 0 284.013038
4 0 1 0 4 0 0 0 0 0 0 4 0 1 0 4 3 0 3 0 0 0 4 0 0 0 0 1 4 0 285.00703
4 0 1 0 4 0 0 0 0 4 0 4 0 1 0 4 3 0 3 0 0 0 4 0 0 0 0 1 1 0 286.006989
4 0 1 0 4 0 0 0 0 4 0 4 0 1 0 4 3 0 3 0 0 0 4 0 0 0 0 1 1 0 287.002707
4 0 1 0 4 0 0 0 0 4 0 4 0 1 0 4 3 0 3 0 0 0 4 0 0 0 0 1 1 0 288.001974
4 0 1 0 4 0 0 0 0 4 0 4 0 1 0 4 3 0 3 0 0 0 4 0 0 0 0 1 1 0 289.001651
4 0 1 0 4 0 0 0 0 4 0 4 0 1 0 4 3 0 3 0 0 0 4 0 0 0 0 1 1 0 290.00203
4 0 1 0 4 0 0 0 0 4 0 4 0 1 0 4 3 0 3 0 0 0 4 0 0 0 0 1 1 0 291.002657
4 0 1 0 4 0 0 0 0 4 0 4 0 1 0 4 3 0 3 0 0 0 4 0 0 0 0 1 1 0 292.00262
4 0 1 0 4 0 0 0 0 4 0 4 0 1 0 4 3 0 3 0 0 0 4 0 0 0 0 1 1 0 293.004055
4 0 1 0 4 0 0 0 0 4 0 4 0 1 0 4 3 0 3 0 0 0 4 0 0 0 0 1 1 0 294.004087
4 0 1 0 4 0 0 0 0 4 0 4 0 1 0 4 3 0 3 0 0 0 4 0 0 0 0 1 1 0 295.002755
4 0 1 0 4 0 0 0 0 4 0 4 0 1 0 4 3 0 3 0 0 0 4 0 0 0 0 0 1 0 296.002701
4 0 1 0 4 0 0 0 0 4 0 4 0 1 0 4 3 0 3 0 0 0 4 0 0 0 0 0 1 0 297.004005
4 0 1 0 4 0 0 0 0 4 0 4 0 1 0 4 3 0 3 0 0 0 4 0 0 0 0 0 1 0 298.004057
4 0 1 0 4 0 0 0 0 4 0 4 0 1 0 4 3 0 0 0 0 0 4 0 0 0 0 0 1 0 299.004404
4 0 1 0 4 0 0 0 0 4 0 4 0 1 0 4 3 0 0 0 0 0 4 0 0 0 0 0 1 0 300.004339
4 0 1 0 0 0 0 0 0 4 0 4 0 1 0 4 3 0 0 0 0 0 4 0 0 0 0 0 1 0 301.004232
4 0 1 0 0 0 0 0 0 4 0 4 0 1 0 4 3 0 0 0 0 0 4 0 0 0 0 0 1 0 302.002798
4 0 1 0 0 0 0 0 0 4 0 4 0 1 0 4 1 0 0 0 4 0 4 0 0 0 0 0 1 0 303.002644
4 0 1 0 0 0 0 0 0 4 0 4 0 1 0 4 1 0 0 0 4 0 4 0 0 0 0 0 1 0 304.002699
4 0 1 0 0 0 0 0 0 4 0 4 0 0 0 4 1 0 0 0 4 0 4 0 0 0 0 0 1 0 305.003944
4 0 1 0 0 0 0 0 0 4 0 4 0 0 0 4 1 0 0 0 4 0 4 0 0 0 0 0 1 0 306.006869
4 0 1 0 0 0 0 0 0 4 0 4 0 0 0 4 1 0 0 0 4 0 4 0 0 0 0 0 1 0 307.006826
4 0 1 0 0 0 0 0 0 4 0 4 0 0 0 4 1 0 0 0 4 0 4 0 0 0 0 0 1 0 308.007094
4 0 1 0 0 0 0 0 0 4 0 4 4 0 0 4 1 0 0 0 4 0 4 0 0 0 0 0 1 0 309.00713
4 0 1 0 0 0 0 0 0 4 0 4 4 0 0 4 1 0 0 0 4 0 4 0 0 0 0 0 0 0 310.00691
4 0 1 0 0 0 0 0 0 4 0 4 4 0 0 4 1 0 0 0 4 0 4 0 0 0 0 0 0 0 311.007585
4 0 1 0 0 0 0 0 0 4 0 4 4 0 0 4 1 0 0 0 4 0 4 0 0 0 0 0 0 0 312.007682
4 0 1 0 0 0 0 0 0 4 0 4 4 0 0 4 1 0 0 0 4 0 4 0 0 0 0 0 0 0 313.007694
4 0 1 0 0 0 0 0 0 4 0 4 4 0 0 4 1 0 0 0 4 0 4 0 0 0 0 0 0 0 314.007799
4 0 1 0 0 0 0 0 0 4 0 4 4 0 0 4 1 0 0 0 4 0 4 0 0 0 0 0 0 0 315.008209
4 0 1 0 0 0 0 0 0 4 0 4 4 0 0 4 1 0 0 0 4 0 4 0 0 0 0 0 0 0 316.008865
4 0 1 0 0 0 0 0 0 4 0 4 4 0 0 4 1 0 0 0 4 0 4 0 0 0 0 0 0 0 317.017665
4 0 1 0 0 0 0 0 0 4 0 4 4 0 0 4 1 0 0 0 4 0 4 0 0 0 0 0 0 0 318.017775
4 0 1 0 0 0 0 0 0 4 0 4 4 0 0 4 1 0 0 0 4 0 4 0 0 0 0 0 0 0 319.014618
4 0 1 0 0 0 0 0 0 4 0 4 4 0 0 4 1 0 0 0 4 0 4 0 0 0 0 0 0 0 320.014129
4 0 1 0 0 0 0 0 0 4 0 0 4 0 0 4 1 0 0 0 4 0 4 0 4 4 0 0 0 0 321.026545
4 0 1 0 0 0 0 0 0 4 0 0 4 0 0 4 1 0 0 0 4 0 4 0 4 4 0 0 0 0 322.025782
4 0 1 0 0 0 0 0 0 4 0 0 4 0 0 4 1 0 0 0 4 0 4 0 4 4 0 0 0 0 323.025633
4 0 1 0 0 0 0 0 0 4 0 0 4 0 0 4 4 0 0 0 4 0 4 0 4 4 0 0 0 0 324.02557
4 0 1 0 0 0 0 0 0 4 0 0 4 0 0 4 4 0 0 0 4 0 4 0 4 4 0 0 0 0 325.025483
4 0 1 0 0 0 0 0 0 4 0 0 4 0 0 4 4 0 0 0 4 0 4 0 4 4 0 0 0 0 326.025879
4 0 1 0 0 0 0 0 0 4 0 0 4 0 0 4 4 0 0 0 4 0 4 0 4 4 0 0 0 0 327.111372
4 0 1 0 0 0 0 0 0 4 0 0 4 0 0 4 4 0 0 0 4 4 4 0 4 4 0 0 0 0 328.025828
4 0 1 0 0 0 0 0 0 4 0 0 4 0 0 4 4 0 0 0 4 4 4 0 4 4 0 0 0 0 329.026413
4 0 1 0 0 0 0 0 0 4 0 0 4 0 0 4 4 0 0 0 4 4 4 0 4 4 0 0 0 0 330.006948
4 0 1 0 0 0 0 0 0 4 0 0 4 0 0 4 4 0 0 0 4 4 4 0 4 4 0 0 0 0 331.006734
4 0 2 0 0 0 0 0 0 4 0 0 4 0 3 4 4 0 0 0 4 4 4 0 4 4 0 0 0 0 332.003945
4 0 2 0 0 0 0 0 0 4 0 0 4 0 3 4 4 0 0 0 4 4 4 0 4 4 0 0 0 0 333.006731
4 0 2 0 0 0 0 0 0 4 0 0 4 0 3 4 4 0 0 0 4 4 4 0 4 4 0 0 0 0 334.003871
4 0 2 0 0 0 0 0 0 4 0 0 4 0 3 4 4 0 0 0 4 4 4 0 4 4 0 0 0 0 335.004082
4 0 2 0 0 0 0 0 0 4 0 0 4 0 3 4 4 0 0 4 4 4 4 0 4 4 0 0 0 0 336.003882
4 0 2 0 0 0 0 0 0 4 0 0 4 0 3 4 2 0 0 4 4 4 4 0 4 4 0 0 0 0 337.003841
4 0 2 0 0 0 0 0 0 4 0 0 4 0 3 0 2 0 0 4 4 4 4 0 4 4 0 0 0 0 338.003901
4 0 2 0 0 0 0 0 0 4 0 0 4 0 3 0 2 0 0 4 4 4 4 0 4 4 0 0 0 0 339.003899
4 0 2 0 0 0 0 0 0 4 0 0 4 0 3 0 2 0 0 4 4 4 4 0 4 4 0 0 0 0 340.006686
4 0 2 0 0 0 0 0 0 4 0 0 4 0 3 0 2 0 2 4 0 4 4 0 4 4 0 0 0 0 341.007003
4 0 2 0 0 0 0 0 0 4 0 0 4 0 3 0 2 0 2 4 0 4 4 0 4 4 0 0 0 0 342.013474
4 0 2 0 0 0 0 0 0 4 0 0 4 0 3 0 2 0 2 2 0 4 4 0 4 4 0 0 0 0 343.014605
4 0 2 0 0 0 0 0 0 4 0 0 4 0 3 0 2 0 2 2 0 4 4 0 4 4 0 0 0 0 344.007353
4 0 2 0 0 0 0 0 0 4 0 0 2 0 3 0 2 0 2 2 0 4 4 0 4 4 0 0 0 0 345.007707
4 0 2 0 0 0 0 0 0 4 0 0 2 0 3 0 2 0 2 2 0 4 4 0 4 4 0 0 0 0 346.007301
4 0 2 0 0 0 4 0 0 4 0 0 2 0 3 0 2 0 2 2 0 2 4 0 4 4 0 0 0 0 347.007673
4 0 2 0 0 0 4 0 0 4 0 0 2 0 3 0 2 0 2 2 0 2 4 0 4 4 0 0 0 0 348.007055
4 0 2 0 0 0 4 0 0 4 0 0 2 0 3 0 2 0 2 2 0 2 4 0 4 4 0 0 0 0 349.007117
0 0 2 0 0 0 4 0 0 4 0 0 2 0 3 0 2 0 2 2 0 2 4 0 4 4 0 0 0 0 350.004462
0 0 2 0 0 0 4 0 0 4 0 0 2 0 3 0 2 0 2 2 0 2 4 0 4 4 0 0 0 0 351.002899
0 0 2 0 0 0 4 0 0 4 0 0 2 0 3 0 2 0 2 2 0 2 4 0 4 4 0 0 0 0 352.002966
0 0 2 0 0 0 4 0 0 4 0 0 2 0 3 0 4 0 2 2 0 2 4 0 4 4 4 0 0 0 353.002729
0 0 4 0 0 0 4 0 0 4 0 0 2 0 3 0 4 0 2 2 0 2 4 0 4 4 4 0 0 0 354.002838
0 0 4 0 0 0 4 0 0 4 0 0 2 0 3 0 4 0 3 2 0 3 4 0 4 4 4 0 0 0 355.007582
0 0 4 0 0 0 4 0 0 4 0 0 2 0 3 0 4 0 3 2 0 3 4 0 4 4 4 0 0 0 356.007208
0 0 4 0 0 0 4 0 0 4 0 0 2 0 3 0 4 0 3 2 0 3 4 0 4 4 4 0 0 0 357.004626
0 0 4 0 0 0 4 0 0 4 0 0 2 0 3 0 4 0 3 3 0 3 4 0 4 4 4 0 0 0 358.004271
0 0 4 0 0 0 4 4 0 4 0 0 2 0 3 0 4 0 3 3 0 3 4 0 4 4 4 0 0 0 359.004055
0 0 4 0 0 0 4 4 0 4 0 0 2 0 3 0 4 0 3 3 0 3 4 0 4 4 4 0 0 0 360.002669
0 0 4 2 0 0 4 4 0 4 0 0 2 0 2 0 4 0 3 3 0 3 4 0 4 4 4 0 0 0 361.002726
0 0 4 2 0 0 4 4 0 4 0 0 2 0 2 0 4 0 3 3 0 3 4 0 4 4 4 0 0 0 362.002661
0 0 4 2 0 0 4 4 0 4 0 0 0 0 2 0 4 0 3 3 0 3 4 0 4 4 4 0 0 0 363.00259
0 0 4 2 0 0 4 4 0 4 0 0 0 0 2 0 4 0 3 3 0 3 0 0 0 4 4 0 0 0 364.004025
0 0 4 2 0 0 4 4 0 4 0 0 0 0 2 0 4 0 3 3 0 3 0 0 0 4 4 0 0 0 365.012887
0 0 4 2 3 0 4 4 0 4 0 0 0 0 2 0 4 0 3 3 0 3 0 0 0 4 4 0 0 0 366.012821
0 0 3 2 3 0 4 4 0 4 0 0 0 0 2 0 4 0 3 3 0 3 0 0 0 4 4 0 0 0 367.053081
0 0 3 2 3 0 4 4 0 4 0 0 0 0 2 0 4 0 3 3 3 3 0 0 0 4 4 0 0 0 368.055214
0 0 3 2 3 0 4 4 0 4 0 0 0 0 2 0 4 0 3 3 3 3 0 0 0 4 4 0 0 0 369.055365
0 0 3 2 3 0 4 4 0 4 0 0 0 0 2 0 4 0 3 3 3 3 0 0 0 4 4 0 0 0 370.054481
0 0 3 2 3 0 4 4 0 4 0 0 0 0 2 0 4 0 3 3 3 3 0 0 0 4 4 0 0 0 371.054285
0 0 3 2 3 0 4 4 0 4 0 0 0 0 2 0 4 0 3 3 3 3 0 0 0 4 4 0 0 0 372.053261
0 0 3 2 3 0 4 4 0 4 0 0 0 0 2 0 4 0 3 3 3 3 0 0 0 4 4 0 0 0 373.24849
0 0 3 2 3 0 4 4 0 4 0 0 0 0 2 0 4 0 3 3 3 3 0 0 0 4 4 0 0 0 374.113272
0 0 3 2 3 0 4 4 0 4 0 0 0 0 2 0 0 0 3 3 3 3 0 0 0 4 4 0 0 0 375.110566
0 0 3 0 3 0 4 4 0 4 0 0 0 0 2 0 0 0 3 3 3 3 0 0 0 4 4 0 0 0 376.110813
0 0 3 0 3 0 4 4 0 4 0 0 0 0 2 0 0 0 3 3 3 3 0 0 0 4 4 0 0 0 377.111931
0 0 3 0 3 0 4 4 0 4 0 0 0 0 2 0 0 0 3 3 3 3 0 0 0 4 4 0 0 0 378.240826
0 0 3 0 3 0 4 4 0 4 0 0 0 0 2 0 0 0 3 3 3 3 0 0 0 4 4 0 0 0 379.116101
0 0 3 0 3 0 4 4 0 4 0 0 0 0 2 0 0 0 3 3 3 3 0 0 0 4 4 0 0 0 380.243039
0 0 3 0 3 0 4 4 0 4 0 0 0 0 2 0 0 0 3 3 3 3 0 0 0 4 4 0 0 0 381.234607
0 0 3 0 3 0 4 4 0 4 0 0 0 0 2 0 0 0 3 3 3 3 0 0 0 4 4 0 0 0 382.234724
0 0 3 0 3 0 4 4 0 4 0 0 0 0 2 0 0 0 3 3 3 3 0 0 0 4 4 0 0 0 383.240269
0 0 3 0 3 0 4 4 0 4 0 0 0 0 2 0 0 0 3 3 3 3 0 0 0 4 4 0 0 0 384.239073
0 0 3 0 3 0 4 4 0 4 0 0 0 0 2 0 0 0 3 3 3 3 0 0 0 4 4 0 0 0 385.242859
0 0 3 0 3 0 4 4 0 4 0 0 0 0 2 0 0 0 3 3 3 3 0 0 0 4 4 0 0 0 386.111387
0 0 3 0 3 0 4 4 0 4 0 0 0 0 2 0 0 0 3 3 3 3 0 0 0 4 4 0 0 0 387.112254
0 0 3 3 3 0 4 4 0 4 0 0 0 0 2 0 0 0 3 3 3 3 0 0 0 4 4 0 0 0 388.113654
0 0 3 3 3 0 4 4 0 4 0 0 0 0 2 0 0 0 0 0 3 3 0 0 0 4 4 0 0 0 389.114261
0 0 3 3 3 0 4 4 0 4 0 0 0 0 2 0 0 0 0 0 3 3 0 0 0 4 4 0 0 0 390.053164
0 0 3 3 3 0 4 4 0 4 0 0 0 0 2 0 0 0 0 0 3 3 0 0 0 4 4 0 0 0 391.053797
0 0 3 3 3 0 4 4 0 4 0 0 0 0 2 0 0 0 0 0 3 3 0 0 0 4 4 0 0 0 392.057418
0 0 0 3 3 0 4 4 0 4 0 0 0 0 2 0 0 0 0 0 3 3 0 0 0 4 4 0 0 0 393.054104
0 4 0 3 3 0 4 4 0 4 0 0 0 0 2 0 0 0 0 0 3 3 0 0 0 4 4 0 0 0 394.02787
0 4 0 3 3 0 4 4 0 4 0 0 0 0 2 0 0 0 0 0 3 3 0 0 0 4 4 0 0 0 395.026071
0 4 0 3 3 0 4 4 0 4 0 0 0 0 0 0 0 0 0 0 3 3 0 0 0 4 4 0 0 0 396.026398
0 4 0 3 3 0 4 4 0 4 0 0 0 0 0 0 0 0 0 0 3 3 0 0 0 4 4 0 0 0 397.013192
0 4 0 3 3 0 4 4 0 4 0 0 0 0 0 0 0 0 0 0 3 3 0 0 0 4 4 0 0 0 398.028541
0 4 0 3 3 0 4 4 0 4 0 0 0 0 0 0 0 0 0 0 3 3 0 0 0 4 4 0 0 0 399.015174
0 4 0 3 3 0 4 4 0 4 0 0 0 0 0 0 0 0 0 0 3 3 0 0 0 4 4 0 0 0 400.008085
0 4 0 3 3 0 4 4 0 0 0 0 0 0 0 0 4 0 0 0 3 3 0 0 0 4 4 0 0 0 401.007974
0 4 0 3 3 0 4 4 0 0 0 0 0 0 0 0 4 0 0 0 3 3 0 0 0 4 4 0 0 0 402.009599
0 4 0 3 3 0 4 4 0 0 0 0 0 0 0 0 4 0 0 0 3 3 0 0 0 4 4 0 0 0 403.011261
0 4 0 3 3 0 4 4 0 0 0 0 0 0 0 0 4 0 0 0 3 3 0 0 0 4 4 0 0 0 404.006133
0 4 0 3 3 0 4 4 0 0 0 0 0 0 0 0 4 0 0 0 3 3 0 0 0 4 4 0 0 0 405.005651
0 4 0 3 3 0 4 4 0 0 0 0 0 0 0 0 4 0 0 0 3 3 0 0 0 4 4 0 0 0 406.005207
0 4 0 3 3 0 4 4 0 0 0 0 0 0 0 0 4 0 0 0 3 3 0 0 0 4 4 0 0 0 407.00466
0 4 0 3 3 0 4 4 0 0 0 0 0 0 0 0 4 0 0 0 3 3 0 0 0 4 4 0 1 0 408.004625
0 4 0 3 4 0 4 4 0 0 0 0 0 0 0 0 4 0 0 0 3 3 0 0 0 4 4 0 1 0 409.003082
0 4 0 3 4 0 4 4 0 0 0 0 0 0 0 0 4 0 0 0 4 4 0 0 0 4 4 0 1 0 410.003066
0 4 0 3 4 0 4 4 0 0 0 0 0 0 0 0 4 0 0 0 4 4 0 0 0 4 4 0 1 0 411.003423
0 4 0 3 4 0 4 4 0 0 0 0 0 0 0 0 4 0 0 0 4 4 0 0 0 4 4 0 1 0 412.004453
0 4 0 3 4 0 4 4 0 0 0 0 0 0 0 0 4 0 0 0 4 4 0 0 0 4 4 0 1 0 413.004798
0 4 0 3 4 0 4 4 0 0 0 0 0 0 0 0 4 0 0 0 4 4 0 0 0 4 4 0 1 0 414.004353
0 4 0 3 4 0 4 4 0 0 0 0 0 0 0 0 4 0 0 0 4 4 0 0 0 4 4 0 1 0 415.015873
0 4 0 3 4 0 4 4 0 0 0 0 0 0 0 0 4 0 0 0 4 4 0 0 0 4 4 0 1 0 416.013519
0 4 0 3 4 0 4 4 0 0 0 0 4 0 0 0 1 0 0 0 4 4 0 0 0 4 1 0 1 0 417.013668
0 4 0 3 4 0 4 4 0 0 0 0 4 0 0 0 1 0 0 0 4 4 0 0 0 4 1 0 1 0 418.027495
0 4 0 3 4 0 4 4 0 0 0 0 4 0 0 0 1 0 0 0 4 4 0 0 0 4 1 0 1 0 419.026014
0 4 0 3 4 0 4 4 0 0 0 0 4 0 0 0 1 0 0 0 4 4 0 0 0 4 1 0 0 0 420.025789
0 4 0 3 4 0 4 4 0 0 0 0 4 0 0 0 1 0 0 0 4 4 0 0 0 4 1 0 0 0 421.029367
0 4 0 3 4 0 4 4 0 0 0 0 4 0 0 0 1 0 0 0 4 4 0 0 0 4 1 0 0 0 422.025657
0 4 0 3 4 0 4 4 0 0 0 0 4 0 0 0 1 0 0 0 4 4 0 0 0 4 1 0 0 0 423.027514
0 4 0 3 4 0 4 4 0 0 0 0 4 0 0 0 1 0 0 4 4 4 0 0 0 4 1 0 0 4 424.027071
0 4 0 3 4 0 4 4 0 0 0 0 4 0 0 0 1 0 0 4 4 4 0 0 0 4 1 0 0 4 425.025626
0 4 0 3 4 0 4 4 0 0 0 0 4 0 0 0 1 0 0 4 4 4 0 0 0 4 1 0 0 4 426.012886
0 4 0 3 4 0 4 4 0 0 0 0 4 0 0 0 1 0 0 4 4 4 0 0 0 0 1 0 0 4 427.006757
0 4 0 3 4 0 4 4 0 0 0 0 4 0 0 0 1 0 0 4 4 4 0 0 0 0 1 0 0 4 428.006884
0 4 0 3 4 0 4 4 0 0 0 0 4 0 0 0 1 0 0 4 4 4 0 0 0 0 1 0 0 4 429.004011
0 4 0 3 4 0 4 4 0 0 0 0 4 0 0 0 1 0 0 4 4 4 0 0 0 0 1 0 0 4 430.004296
0 4 0 3 4 0 4 4 0 0 0 0 4 0 0 0 1 0 0 4 4 4 0 0 0 0 1 0 0 4 431.003155
0 0 0 0 4 0 4 4 0 0 0 0 4 0 0 0 1 0 0 4 4 4 0 0 0 0 1 0 0 4 432.003962
0 0 0 0 4 0 4 4 0 0 0 0 4 0 0 0 1 0 0 4 4 4 0 0 0 0 1 0 0 4 433.004056
0 0 0 0 4 0 4 4 0 0 0 0 4 0 0 0 1 0 0 4 4 4 0 0 0 0 1 0 0 4 434.00685
0 0 0 0 4 3 4 4 0 0 0 0 4 0 0 0 1 0 0 4 4 4 0 0 0 0 1 0 0 4 435.053378
0 0 0 0 4 3 4 4 0 0 0 0 4 0 0 0 1 0 4 4 4 4 0 0 0 0 1 0 0 4 436.02651
0 0 0 0 4 3 4 4 0 0 0 0 4 0 0 0 1 0 4 4 4 4 0 0 0 0 1 0 0 4 437.007223
0 0 0 0 4 3 4 4 0 0 0 0 4 0 0 0 1 0 4 4 4 4 0 0 0 0 1 0 0 4 438.007731
0 0 0 0 4 3 4 4 0 0 0 0 4 0 0 0 1 0 4 4 4 4 0 0 0 0 1 0 0 4 439.007249
0 0 0 0 4 3 4 4 0 0 0 0 4 0 0 0 1 0 4 4 4 4 0 0 0 0 1 0 0 4 440.007135
0 0 3 0 4 3 4 4 4 0 0 0 4 0 0 0 1 0 4 4 4 4 0 0 0 0 1 0 0 4 441.013631
0 0 3 0 4 3 4 4 4 0 0 0 4 0 0 0 1 0 4 4 4 4 0 0 0 0 1 0 0 4 442.013862
0 0 3 0 4 3 4 4 4 0 0 0 4 0 0 0 1 0 4 4 4 4 0 0 0 0 1 0 0 4 443.013498
0 0 3 0 4 3 4 4 4 0 0 0 4 0 0 0 1 0 4 4 4 4 0 0 0 0 1 0 0 4 444.013063
0 0 3 0 4 3 4 4 4 0 0 0 4 0 0 0 1 0 4 4 4 4 0 0 0 0 1 0 0 4 445.015017
0 0 3 0 4 3 4 4 4 0 0 0 4 0 0 0 1 0 4 4 4 4 0 0 0 0 1 0 0 4 446.013756
0 0 3 0 4 3 4 4 4 0 0 0 4 0 0 0 1 0 4 4 4 4 0 0 0 0 1 0 0 4 447.012932
0 0 3 0 4 3 4 4 4 0 0 0 4 0 0 0 1 0 4 4 4 4 0 0 0 0 4 0 0 4 448.012699
0 0 3 0 1 3 4 4 4 0 0 0 4 0 0 0 1 0 4 4 4 4 0 0 0 0 4 0 0 4 449.012705
0 0 3 0 1 3 4 4 4 0 0 0 4 0 0 0 1 0 4 1 1 1 0 0 0 0 4 0 0 4 450.014113
0 0 3 0 1 3 4 4 4 0 0 0 4 0 0 0 1 0 3 1 1 1 0 0 0 0 4 0 0 4 451.012904
0 0 3 0 1 3 4 4 4 0 0 0 4 0 0 0 1 0 3 1 1 1 0 0 0 0 4 0 0 4 452.013902
0 0 3 0 1 3 4 4 4 0 0 0 4 0 0 0 1 0 3 1 1 1 0 3 0 0 4 0 0 4 453.007891
0 0 3 0 1 3 4 4 4 0 0 0 4 0 0 0 1 0 3 1 1 1 0 3 0 0 4 0 0 4 454.007689
0 0 3 0 1 3 4 4 4 0 0 0 4 0 0 0 1 0 3 1 1 1 0 3 0 0 4 0 0 4 455.008305
0 0 3 0 1 3 4 4 4 0 0 0 4 0 0 0 4 0 3 1 1 1 0 3 0 0 4 0 0 4 456.006459
0 0 3 0 1 3 0 4 4 0 0 0 4 0 0 0 4 0 3 1 1 1 0 3 0 0 4 0 0 4 457.004382
0 0 3 0 1 3 0 4 4 0 0 0 4 0 0 0 4 0 3 1 1 1 0 3 0 0 4 0 0 4 458.004184
0 0 3 0 1 3 0 4 4 0 0 0 4 0 0 0 4 0 3 1 1 1 0 3 0 0 4 0 0 4 459.004297
0 0 3 0 1 3 0 4 4 0 0 0 4 0 0 0 4 0 3 1 1 1 0 3 0 0 4 0 0 4 460.004079
0 0 3 0 1 3 0 4 4 0 0 0 4 0 0 0 4 0 3 1 1 1 0 3 0 0 4 0 0 4 461.006019
0 0 3 0 1 3 0 4 4 0 0 0 4 0 0 0 4 0 3 1 1 1 0 3 0 0 4 0 0 4 462.004324
0 0 3 0 1 3 0 4 4 0 0 0 4 0 0 0 4 0 4 1 1 1 0 3 0 0 4 0 0 4 463.003122
0 0 3 0 1 3 0 4 4 0 0 0 4 0 0 0 4 0 4 1 1 1 0 3 0 0 4 0 0 4 464.002708
0 0 3 0 1 3 0 4 4 0 0 0 4 0 0 0 4 0 4 1 1 1 0 3 0 0 0 0 0 4 465.002146
0 0 3 0 1 3 0 4 4 0 0 0 4 0 0 0 4 0 4 1 1 1 0 3 0 0 0 0 0 4 466.002136
0 0 4 0 1 3 0 4 4 0 0 0 4 0 0 0 4 0 4 1 1 1 0 3 0 0 0 0 0 4 467.002218
0 0 4 0 1 3 0 0 4 0 0 0 4 0 0 0 4 0 4 1 1 1 0 3 0 0 0 0 0 4 468.003055
0 0 4 0 1 3 0 0 4 0 0 0 4 0 0 0 4 0 4 1 1 1 0 3 0 0 0 0 0 4 469.002137
0 0 4 0 1 3 0 0 4 0 0 0 4 0 0 0 4 0 4 1 1 1 0 3 0 0 0 0 0 4 470.001987
0 0 4 0 1 3 0 0 4 0 0 0 4 0 0 0 4 0 4 1 1 1 0 3 0 0 0 0 0 4 471.002112
0 0 4 0 1 3 0 0 4 0 0 0 4 0 0 0 4 0 4 1 1 1 0 3 0 0 0 0 0 4 472.002016
0 0 4 0 1 3 0 0 4 0 0 0 4 0 0 0 4 0 4 1 1 1 0 3 0 0 0 0 0 4 473.001915
0 0 4 0 3 3 0 0 4 0 0 0 4 0 0 0 4 0 4 1 3 3 0 3 0 0 0 0 0 4 474.001778
0 0 4 0 3 3 0 0 4 0 0 0 4 0 0 0 4 0 4 1 3 3 0 3 0 0 0 0 0 4 475.001759
0 0 4 0 3 3 0 0 4 0 0 0 4 0 0 0 4 0 4 2 3 3 0 0 0 0 0 0 0 4 476.001584
0 0 4 0 3 3 0 0 4 0 0 0 4 0 0 0 4 0 4 2 3 3 0 0 0 0 0 0 0 4 477.001603
0 0 4 0 3 3 0 0 4 0 0 0 4 0 0 0 4 0 4 2 3 3 0 0 0 0 0 0 0 4 478.001594
0 0 4 0 3 3 0 0 4 0 0 0 4 0 0 0 4 0 4 2 3 3 0 0 0 0 0 0 0 4 479.001944
0 0 4 0 3 3 0 0 4 0 0 0 4 0 0 0 4 2 4 2 3 3 0 0 0 0 0 0 0 4 480.0017
0 0 4 0 3 3 0 0 4 0 0 0 4 0 0 0 4 2 4 2 3 3 0 0 0 0 0 0 0 4 481.001481
0 0 4 0 3 3 0 0 4 0 0 0 4 0 0 0 4 2 4 2 3 3 0 0 0 0 0 0 0 4 482.001377
0 0 4 0 3 3 0 0 4 0 0 0 4 0 0 0 4 2 4 2 3 3 0 0 0 0 0 0 0 4 483.001424
0 0 4 0 3 3 0 0 4 0 0 0 4 0 0 0 4 0 4 2 3 3 0 0 0 0 0 0 0 4 484.001521
0 0 4 0 3 3 0 0 4 0 0 0 4 0 0 0 4 0 4 2 3 3 0 0 0 0 0 0 0 4 485.001461
0 0 4 0 3 3 0 0 4 0 0 0 4 0 0 0 4 0 4 2 3 3 0 0 0 0 0 0 0 4 486.001565
0 0 4 0 3 3 0 0 0 0 0 0 4 0 0 0 4 0 4 3 3 3 0 0 0 0 0 0 0 4 487.00203
0 0 4 0 3 3 0 0 0 0 0 0 4 0 0 0 4 0 4 3 3 3 0 0 0 0 0 0 0 4 488.001767
0 0 4 0 3 3 0 0 0 0 0 0 4 0 0 0 4 0 4 3 3 3 0 0 0 0 0 0 0 4 489.001983
0 0 4 0 3 3 0 0 0 0 0 0 4 0 0 0 4 0 4 3 3 3 0 0 0 0 0 0 0 4 490.002086
0 0 4 0 3 3 0 0 0 0 0 0 4 0 0 0 4 0 4 3 3 3 0 0 0 0 0 0 0 4 491.002029
0 0 4 0 3 3 0 0 0 0 0 0 4 0 0 0 4 0 4 3 3 3 0 0 0 0 0 0 0 4 492.001596
0 0 0 0 3 2 0 0 0 0 0 0 4 0 0 0 4 0 4 3 3 3 0 4 0 0 3 0 0 4 493.00162
0 0 0 0 3 2 0 0 0 0 0 0 4 0 0 0 4 0 4 3 3 3 0 4 0 0 3 0 0 4 494.001782
0 0 0 0 3 2 0 0 0 0 0 0 4 0 0 0 4 0 4 3 3 3 0 4 0 0 3 0 0 4 495.001664
0 0 0 0 3 2 0 0 0 0 0 0 4 0 0 0 4 0 4 3 3 3 0 4 0 0 3 0 0 4 496.002119
0 0 0 0 3 2 0 0 0 0 0 0 4 0 0 0 4 0 4 3 3 3 0 4 0 0 3 0 0 4 497.001952
0 0 0 0 3 2 0 0 0 0 0 0 4 0 0 0 4 0 4 3 3 3 0 4 0 0 3 0 0 4 498.002685
0 0 0 0 3 2 0 0 0 0 0 0 4 0 0 0 4 0 4 3 3 0 0 4 0 0 3 0 0 4 499.004112
0 0 0 0 3 2 0 0 0 0 0 0 4 0 0 0 4 0 4 3 3 0 0 4 0 0 3 0 0 4 500.007062
0 0 0 0 3 2 0 0 0 0 0 0 2 0 0 0 4 0 4 3 3 0 0 4 0 0 3 0 0 4 501.0255
0 0 0 0 3 2 0 0 0 0 0 0 2 0 0 0 4 0 4 3 3 0 0 4 0 0 3 0 0 4 502.026652
0 0 0 0 3 2 0 0 0 0 0 0 2 0 0 0 4 0 4 3 3 0 0 4 0 0 3 0 0 4 503.027399
0 0 0 0 3 2 0 0 0 0 0 0 2 0 0 0 4 0 4 3 3 0 0 4 0 0 3 0 0 4 504.026524
0 0 0 0 3 2 0 0 0 0 0 0 2 0 0 0 4 0 4 3 3 0 0 4 0 0 3 0 0 4 505.053565
0 0 0 0 3 2 0 0 0 0 0 0 2 0 0 0 4 0 4 3 3 0 0 4 0 0 3 0 0 4 506.05752
2 0 0 0 3 2 0 0 0 0 0 0 2 0 0 0 4 0 4 3 3 0 0 4 0 0 3 0 0 4 507.058239
2 0 0 0 3 2 0 0 0 0 0 0 2 0 0 0 4 0 4 3 3 0 2 2 0 0 3 0 0 2 508.055574
2 0 0 0 3 2 0 0 0 0 0 0 2 0 0 0 4 0 4 3 3 0 2 2 0 0 3 0 0 2 509.110906
2 0 0 0 3 2 0 0 0 0 0 0 2 4 0 0 4 0 4 3 3 0 2 2 0 0 3 0 0 2 510.111205
2 0 0 0 3 2 0 0 0 0 0 0 2 4 0 0 4 0 4 3 3 0 2 2 0 0 3 0 0 2 511.238301
2 0 0 0 3 2 0 0 0 0 0 0 2 4 0 0 4 0 4 3 3 0 2 2 0 0 3 0 0 2 512.233508
2 0 0 0 3 2 0 0 0 0 0 0 2 4 0 0 4 0 4 3 3 0 2 2 0 0 3 0 0 2 513.234309
2 0 0 0 3 2 0 0 0 0 0 0 2 4 0 0 4 0 4 3 3 0 2 2 0 0 3 0 0 2 514.241259
2 0 0 0 3 2 0 0 0 0 0 0 2 4 0 0 4 0 4 3 3 0 2 2 0 0 3 0 0 2 515.487011
2 0 0 0 3 2 0 0 0 0 0 0 2 4 0 0 4 0 4 3 3 0 2 2 0 0 3 0 0 2 516.497413
2 0 0 0 3 2 0 0 0 0 0 0 2 4 0 0 4 0 4 3 3 0 2 2 0 0 3 0 0 2 517.48945
2 0 0 0 3 2 0 0 0 0 0 0 2 4 0 0 4 0 4 4 3 0 2 2 0 0 3 0 0 2 518.110264
2 0 0 0 3 2 0 0 0 0 0 0 2 4 0 0 4 0 4 4 3 0 2 2 0 0 3 0 0 2 519.051947
2 0 0 0 3 2 0 0 0 0 0 0 0 4 0 0 4 0 4 4 3 0 2 2 0 0 3 0 0 2 520.108967
2 0 0 0 3 2 0 0 0 0 0 0 0 4 0 0 4 0 4 4 4 0 2 2 0 0 3 0 0 2 521.052435
4 0 0 0 3 2 0 0 0 0 0 0 0 4 0 0 4 0 2 4 4 0 2 2 0 0 3 0 0 2 522.012993
4 0 0 0 3 2 0 0 0 0 0 0 0 4 0 0 4 0 2 4 4 0 2 2 0 0 3 0 0 2 523.012781
4 0 0 0 3 2 0 0 0 0 0 0 0 4 0 0 4 0 2 4 4 0 4 2 0 0 0 0 0 2 524.025496
4 0 0 0 4 2 0 0 0 0 0 0 0 4 0 0 4 0 2 4 4 0 4 2 0 0 0 0 0 2 525.054209
4 0 0 0 4 2 0 0 0 0 0 0 0 4 0 0 4 0 2 4 4 0 4 2 0 0 0 0 0 2 526.062262
4 0 0 0 4 2 0 0 0 0 0 0 0 4 0 0 4 0 2 4 4 0 4 2 0 0 0 0 0 2 527.061492
4 0 0 0 4 2 0 0 0 0 0 0 0 4 0 0 4 0 2 4 4 0 4 2 0 0 0 0 0 2 528.057626
4 0 0 0 4 2 0 0 0 0 0 0 0 4 0 0 4 0 2 4 4 0 4 2 0 0 0 0 0 2 529.055167
4 0 0 0 4 2 0 0 0 0 0 0 0 4 0 0 4 0 2 4 4 0 4 2 0 0 0 0 0 2 530.025315
4 0 0 0 4 2 0 0 0 0 0 0 0 4 0 0 4 0 2 4 4 0 4 2 0 0 0 0 0 2 531.025662
4 0 0 0 4 2 0 0 0 0 0 0 0 4 0 0 4 0 2 4 4 0 4 4 0 0 0 0 0 2 532.025613
4 0 0 0 4 2 0 0 0 0 0 0 0 4 0 0 4 0 4 4 4 0 4 4 0 0 0 0 0 2 533.025477
4 0 0 0 4 0 0 0 0 0 0 0 0 4 0 0 4 0 4 4 4 0 4 4 0 0 0 0 0 2 534.025788
4 0 0 0 4 0 0 0 0 0 0 0 0 4 0 0 4 0 4 4 4 0 4 4 0 0 0 0 0 2 535.012824
4 0 0 0 4 0 0 0 0 0 0 0 0 4 0 4 4 0 4 4 4 0 4 4 0 0 0 0 0 2 536.014117
4 0 0 0 4 0 0 0 0 0 0 0 0 4 0 4 4 0 4 4 4 0 4 4 0 0 0 0 0 2 537.008014
4 0 0 0 4 0 0 0 0 0 0 0 0 4 0 4 4 0 4 4 4 0 4 4 0 0 0 0 0 2 538.007342
4 0 0 0 4 0 0 0 0 0 0 0 0 4 0 4 4 0 4 4 4 0 4 4 0 0 0 0 0 2 539.006823
4 0 0 0 4 0 0 0 0 0 0 0 0 4 0 4 4 0 0 4 4 0 4 4 0 0 0 0 0 2 540.01355
4 0 0 0 4 0 0 0 0 0 0 0 0 4 0 4 4 3 0 4 4 0 4 4 0 0 0 0 0 2 541.012863
4 0 0 0 4 0 0 0 0 0 0 4 0 4 0 4 4 3 0 4 4 0 4 4 0 0 0 3 0 2 542.026173
4 0 0 0 4 0 0 0 0 0 0 4 0 4 0 4 4 3 0 4 4 0 4 4 0 0 0 3 0 2 543.02593
4 0 0 0 4 0 0 0 0 0 0 4 0 4 0 4 4 3 0 4 4 0 4 4 0 0 0 3 0 0 544.026736
4 0 0 0 4 0 0 0 0 0 0 4 0 4 0 4 4 3 0 4 4 0 4 4 0 0 3 3 0 0 545.10935
4 0 0 0 4 0 0 0 0 0 0 4 0 4 0 4 4 3 0 4 4 3 4 4 0 0 3 3 0 0 546.233382
4 0 0 0 4 0 0 0 0 0 0 4 3 4 0 4 4 3 0 4 4 3 4 4 0 0 3 3 0 0 547.238049
4 0 0 0 4 4 0 0 0 0 0 4 3 4 0 4 4 3 0 4 4 3 4 4 0 0 3 3 0 0 548.497439
4 0 0 0 4 4 0 0 0 0 0 4 3 4 0 4 4 3 0 4 4 3 4 4 0 0 3 3 0 0 549.235166
4 0 0 0 4 4 0 0 0 0 0 4 3 4 0 4 4 3 0 4 4 3 4 4 0 0 3 3 0 0 550.110027
4 0 0 0 4 4 0 0 0 0 0 4 3 4 0 4 4 3 0 4 4 3 4 4 0 0 3 3 0 0 551.108878
4 0 0 0 4 4 0 0 0 3 0 4 3 4 0 4 4 3 0 4 4 3 4 4 0 0 3 3 0 0 552.248037
4 0 0 0 4 4 0 0 0 3 0 4 3 4 0 4 4 3 0 4 4 3 4 4 0 0 3 3 0 0 553.492252
4 0 0 0 4 4 0 0 0 3 0 4 3 4 0 4 4 3 0 4 4 3 4 4 0 3 3 3 0 0 555.04748
4 0 0 0 4 4 0 0 0 3 0 4 3 4 0 4 4 3 0 4 4 3 4 4 0 3 3 3 0 0 556.043721
4 0 0 0 4 4 0 0 0 3 0 4 3 4 0 4 4 3 0 4 4 3 4 4 0 3 3 3 0 0 556.490965
4 0 0 0 4 4 0 0 0 3 0 4 3 4 0 4 4 3 0 4 4 3 4 4 0 3 3 3 0 0 557.495542
4 0 0 0 4 4 0 0 0 3 0 4 3 4 0 4 4 3 0 4 4 3 4 4 0 3 3 3 0 0 558.483498
4 0 0 0 4 4 0 0 0 3 0 4 3 4 0 4 4 3 0 4 4 3 4 4 0 3 3 3 0 0 560.047006
4 0 0 0 4 4 0 0 0 3 0 4 3 4 0 4 4 3 0 4 4 3 4 4 0 3 3 3 0 0 561.061454
4 0 0 3 1 4 0 0 0 3 0 4 3 4 0 4 4 3 0 1 1 3 4 4 0 3 3 3 0 0 562.023622
4 0 0 3 1 4 0 0 0 3 0 4 3 4 0 4 1 3 0 1 1 3 4 4 0 3 3 3 0 0 564.186348
4 0 0 3 1 4 0 0 0 3 0 4 3 4 0 4 1 3 0 1 1 3 4 4 0 3 3 3 0 0 565.16342
4 0 0 3 1 4 0 0 0 3 0 4 3 4 0 4 1 3 0 1 1 3 4 4 0 3 3 3 0 0 566.146079
3 0 0 3 1 4 0 0 0 3 0 4 3 4 0 4 1 3 0 1 1 3 4 4 0 3 3 3 0 0 569.523497
3 0 0 3 1 4 0 0 0 3 0 4 3 4 0 4 1 3 0 1 1 3 4 4 0 3 3 3 0 0 568.148424
3 0 0 3 1 4 0 0 0 3 0 4 3 4 0 4 1 3 0 1 1 3 4 4 0 3 3 3 0 0 571.499509
3 0 0 3 1 4 0 0 0 3 0 4 3 4 0 4 1 3 0 1 1 3 4 4 0 3 3 3 0 0 577.407394
3 0 0 3 1 4 0 0 0 3 0 4 3 4 0 4 1 3 0 1 1 3 4 4 0 3 3 3 4 0 578.516665
3 0 0 3 1 4 0 0 0 3 0 4 3 4 0 4 1 3 0 1 1 3 4 4 0 3 3 3 4 0 572.123526
3 0 0 3 1 4 0 0 0 3 0 4 3 4 0 4 1 3 0 1 1 3 4 4 0 3 3 3 4 0 573.130467
3 0 0 3 1 4 0 0 0 3 0 4 3 4 0 4 1 3 0 1 1 3 4 4 0 3 3 3 4 0 574.14707
3 0 0 3 1 4 0 0 0 3 0 4 3 4 0 4 1 3 0 1 1 3 4 4 0 4 3 3 4 0 573.241721
3 0 0 3 1 4 0 0 0 4 0 4 3 4 0 4 1 3 0 1 1 3 4 4 0 4 3 3 4 0 574.05235
0 0 0 3 1 4 0 0 0 4 0 4 3 4 0 4 1 3 0 1 1 3 4 4 0 4 3 3 4 0 575.052556
0 0 0 3 1 4 0 0 0 4 0 4 3 4 0 4 1 3 0 1 1 4 4 4 0 4 3 3 4 0 576.052053
0 0 0 3 1 4 0 0 0 4 0 4 3 4 0 4 1 3 0 1 1 4 4 4 0 4 3 3 4 0 577.025224
0 0 0 3 1 4 0 0 0 4 0 4 3 4 0 4 1 3 0 1 1 4 4 4 0 4 3 3 4 0 578.051777
0 0 0 3 1 4 0 0 0 4 0 4 3 4 0 4 1 3 0 1 1 4 4 4 0 4 3 3 4 0 579.109034
0 0 0 3 1 4 0 0 0 4 0 4 3 4 0 4 1 3 0 1 1 4 4 4 0 4 3 3 4 0 580.228895
0 0 0 3 1 4 0 0 0 4 0 4 3 4 0 4 1 3 0 1 1 4 4 4 0 4 3 3 4 0 581.233483
0 0 0 3 1 4 0 0 0 4 0 1 3 4 0 4 1 3 0 1 1 4 0 4 0 4 4 3 4 0 582.251109
0 0 0 3 0 4 0 0 0 4 0 1 3 4 0 4 1 3 0 1 1 4 0 4 0 4 4 3 4 0 583.229077
0 0 0 3 0 4 0 0 0 4 0 1 3 4 0 4 1 3 0 1 1 4 0 4 0 4 4 3 4 0 584.109566
0 0 0 3 0 4 0 0 0 4 0 1 3 4 0 4 1 3 0 1 1 4 0 4 0 4 4 3 4 0 585.109316
0 0 0 3 0 4 0 0 0 4 0 1 3 4 0 4 1 3 0 1 1 4 0 4 0 4 4 3 4 0 586.025348
0 0 0 3 0 4 0 0 0 4 0 1 3 4 0 4 1 3 0 1 1 4 0 4 0 4 4 0 4 0 587.025306
0 0 0 3 0 4 0 0 0 4 0 1 3 4 0 4 1 3 0 1 1 4 0 4 0 4 4 0 4 0 588.012699
0 0 0 3 0 4 0 0 0 4 0 1 3 4 0 4 1 3 0 1 1 4 0 4 0 4 4 0 4 0 589.012801
0 0 0 3 0 4 0 0 0 4 0 1 3 4 0 4 1 0 0 1 1 4 0 4 0 4 4 0 4 0 590.012617
0 0 0 3 0 4 0 0 0 4 0 1 3 4 0 4 1 0 0 1 1 4 0 4 0 0 4 0 4 0 591.012676
0 0 0 3 0 4 0 0 0 4 0 1 3 4 0 4 1 0 0 1 1 4 0 4 0 0 4 0 4 0 592.012633
0 0 0 3 0 4 0 0 0 4 0 1 3 4 0 4 1 0 0 1 1 4 0 4 0 0 4 0 4 0 593.013063
0 0 0 3 0 4 0 0 0 4 0 1 3 4 0 4 1 0 0 1 1 4 0 4 0 0 4 0 4 0 594.012716
0 0 0 3 0 4 0 0 0 4 0 1 3 4 0 4 1 0 0 1 1 4 0 4 0 0 4 0 4 0 595.012878
0 0 0 3 0 4 0 0 0 4 0 1 3 4 0 4 1 4 0 1 1 4 0 4 0 0 4 0 4 0 596.012938
0 0 0 3 0 4 0 0 0 4 0 1 3 4 0 4 1 4 0 1 1 4 0 4 0 0 4 0 4 0 597.012779
0 0 0 3 0 4 0 0 0 4 0 1 3 4 0 4 1 4 0 1 1 4 0 4 0 0 4 0 4 0 598.012727
0 0 0 3 0 4 0 0 0 4 0 1 3 4 0 4 1 4 0 1 1 4 0 4 0 0 4 0 4 0 599.012774
