2.007778 034303424001000043204412310211
3.002372 034303424001000043204412310211
4.002468 034303424001000043204402310211
5.002319 034303424001000043204402310211
6.002319 034303424001000043204402310211
7.00232 034303424001000043204402310211
8.003455 034303424001000043204402310211
9.002359 034303424001000043204400310211
10.002567 034303424001000043204400310211
11.002406 034303424001000043204400310211
12.002505 034303024001000043204400310211
13.003104 034303024001000043204400310211
14.002367 034303024001000043204400310211
15.002415 034303024001000043204400310211
16.002436 034303024001000043204400310211
17.00245 034303024001000043204400310211
18.002614 034303024001000043204400010211
19.002481 034303024001000043204400010211
20.002305 034303024001000043204400010211
21.002357 034303024001000043204400010211
22.002329 034303024001000043204400010211
23.00248 034303024001000043204400010211
24.002258 034303024001000043404400010211
25.002248 034303024001000043404400010211
26.002277 034303024001000043404400010211
27.002441 034303024001000043404400010211
28.002463 034303024001000043404400010211
29.002322 034303024001000043404400010211
30.002295 034303024001000043404400010211
31.002379 034303024001000043404400010211
32.002387 034303024001000043404400010211
33.002328 034303024001000043404400010211
34.002337 034303024001000043404400010211
35.002391 034303024001000043404400010211
36.002498 034303024001000043404400010211
37.003451 034303024001000043404400010211
38.002995 034303024001000043404400010211
39.002665 034303024001000043404400010211
40.002718 034303024001000043404400010211
41.003361 034303024001000043400400010211
42.002802 034303024001000043400400010211
43.002469 034303024001000043400400010211
44.002545 034303024001000043200400010211
45.00336 034303024001000043200400010211
46.002745 034303024001000043200400010211
47.00255 034303024001000043200400010211
48.002455 034303024001000043200400010211
49.002827 034303024001000043200400010211
50.002693 034303024001000043200400010211
51.00255 034303024001000043200400010211
52.00237 034303024401000043200400010211
53.002564 034303024401000043200400010211
54.002961 034303024401000043200400010211
55.002473 034303024401000043200400010211
56.002476 034303024401000043200400010211
57.002407 034303024401000043200400010211
58.003013 034303024401000043200400010211
59.002585 034303024401000043200400010211
60.003861 034303024401000043200400010211
61.003799 034303024401000043200400010211
62.002381 034303024401000043200400014211
63.002427 034303024401000043200400014211
64.002443 034303004401000043200400014211
65.002486 034303004401000043200400014411
66.002328 034303004401000043200400014411
67.002595 034303004401000043200400014411
68.002374 034303004401000043200400014411
69.002489 034303004401000043200400014411
70.002315 034303400401000043200400014411
71.002293 034003400401000043200400014411
72.002374 034003400401000043200400014411
73.002503 034003400401000043200400014411
74.002333 034003400401000043200400014411
75.002269 034003400401000043200400014411
76.002261 034003400401000043200400014411
77.002257 034003400401000043200400014411
78.002287 034003400401000043200400014411
79.002392 034010400401000043200400014411
80.002986 004010400401000443200400014411
81.002447 004010400401000443200400014411
82.002407 004010400401000443200400014411
83.00226 004010400401000443200400014411
84.00231 004010400401004443200400014411
85.002325 004010400401004443200400014411
86.002372 004010400401004443200400014411
87.002268 004010400401004443200400014411
88.002308 004010400401004443200400014411
89.002315 004010400401004443200400014411
90.002368 004010400401004443200400014411
91.002236 004010400401004443200400014211
92.002285 004010400411004443200400014211
93.00231 004010400411004443200400014211
94.002232 004010400411004443200400014211
95.002312 004010400411004443200400014211
96.002183 004010404411004443200000014211
97.002302 004010404411004443200000014211
98.003346 004010404411004443200000014211
99.002188 004010404411004443200000014211
100.002339 004010404411004443200000014211
101.002325 004010404411004443200000014211
102.002191 004010404411004443200000014211
103.002195 034010404411004443200000014211
104.002213 034010404411004443200000014211
105.002145 034010304311304443200020213211
106.002132 234010304311314443203221213211
107.002856 231010304311314443203221213211
108.005237 231010304311314443203221213211
109.005015 231210304311314443203221213211
110.004117 231210304311314443203221213211
111.003075 231210304311314443203221213211
112.002806 231210304311314443203221213211
113.00281 231200304310314443203221213211
114.002697 231200304310314443203221213211
115.002833 231200304310314443203221213201
116.003255 231200304310314443203221213201
117.002737 231200304310314443203221213201
118.002678 231200304310314443203221213201
119.002794 231200304310314443203221213204
120.002768 231200304310314444203221213204
121.002731 234200304310314444203221213204
122.002863 234200404310314444203220213204
123.002981 234200404310314444203220213204
124.00373 234200404310314444203220213204
125.003786 234200404310314444203200213204
126.003769 234200404310314444203200213204
127.003695 234200404310314444203200213204
128.004572 234200404310314444203200213204
129.003368 234200404310314444203200213204
130.00322 034200404310314444203200213204
131.002619 034200404310314044203200213204
132.002518 044200404310314044203200213204
133.002382 044200404300314044203200213204
134.002286 044200404300314044203240013204
135.002274 044200404300314044203240013204
136.002247 044200444300314044203240013204
137.002282 044200444300314044203240013204
138.002265 044200444300314043003240013204
139.002293 444200444300314043003240003204
140.002362 444200444300314043003240003204
141.002518 444200444300314043003240003004
142.002679 444200444300314043003240003004
143.002613 444200444300314043003240003004
144.002484 444200444300314043003240003004
145.002336 444200444300314043003240003004
146.002345 444200444300314043003240003004
147.002289 444200444300314043003240003004
148.002281 444200444300344043003240003004
149.002263 444200444300344043003240003004
150.002325 444000444300344043003240003004
151.002269 434000444300344043003240003004
152.002191 434000444300344043003241403004
153.002227 434000444300344043003241403004
154.002272 434000444300344043003241403004
155.002187 434000344300344043003241403004
156.002173 434000344000344043003241403004
157.002594 434000344000344043003241403004
158.002528 434000344000344043003241403004
159.002401 434000344000344043003241403004
160.002276 434000344000344043003241403004
161.002872 434000344000344043003241403004
162.00246 434000344000344043003241403000
163.002416 434000344000344043003241403000
164.002283 434000344000344043003241413000
165.00228 434000344000344043003241413000
166.002452 434000344000344043003241413000
167.002349 434000344000344043003241413000
168.002319 434000344000344043003241413000
169.002356 434000344000344043003241413000
170.00236 434000344000444043004241413000
171.002337 434000344000444043004241413000
172.002234 434000344000444043004241413000
173.002307 434000344010444044004241413000
174.002298 434000344010444044004241413000
175.002173 434000344010444044004241413000
176.002164 434000444010444044004241413000
177.002146 434000444010444044004241413000
178.002228 434000444010444044004241413000
179.002279 434000444010444044004241413000
180.002185 434000444010444044004241413000
181.002179 434000444010444044004241413000
182.002236 434000444010444044004241413000
183.00235 434000444010444044004241413000
184.002371 434000444010444044004201413000
185.002359 434000444010444044004201413000
186.002435 034000444010444044004201413000
187.002336 034000444010444044004201413000
188.002396 034000444010444044004201413000
189.002206 034000444010444044004201413000
190.002222 034000444010444044004201413000
191.00224 034000444010444044004201413000
192.002298 034000044010440044004201413000
193.00228 034000044010440044004201413000
194.002208 034000044010440044004201413000
195.002224 034000044010440044004201413000
196.002481 034000044010440044004201413000
197.002462 034000044010440044004201413000
198.002271 034000044010440044004201413000
199.002252 034000044010440044004201413000
200.002325 034000044010440044004201413000
201.002291 034040044010440044004201413000
202.00234 034040044010440044004201413000
203.002265 034040044010440044004201413000
204.00226 034040044010440044004201413000
205.002196 034040044010440044004201413000
206.002447 034040044010440044004201413000
207.002355 034040044014440044004201413000
208.002323 034040044014440040004201413000
209.002279 034040044014440040004201413000
210.002266 034040044014443240004201413000
211.002147 034040044014443240104201413000
212.002275 034040044014443240104201413000
213.002163 034040044014443240104201413000
214.00219 034140244014443240104201413400
215.002138 034140204014443240104201413400
216.002169 034140204014443240104201413400
217.002357 044140204014443240104201413400
218.002098 044140204014443240104201413400
219.002202 044140204014443240104201413400
220.002515 044140204014443240104201413400
221.002871 044140204024443240104201413400
222.00234 044140204024443240104201413400
223.002279 044140204024443240104201413400
224.002446 044140204024443240104201413400
225.002781 044140204024443240104201413400
226.002188 044140204024443240104201413401
227.002261 044140204024443240104201413401
228.002156 044140204024443240104001410401
229.00219 044140204024443240104001410401
230.00208 044140204024443240104001410401
231.002529 044140204024443240104001410401
232.002333 044140204024443240104001410401
233.00212 044140224024443240104001410401
234.002222 044140224024443240104001410401
235.002105 044140224024443240104001410401
236.002126 044140224024443240004001410441
237.002063 444140224024443240004041410441
238.002204 444140224024443240004041410441
239.002306 444140224024443240004041400441
240.002127 444140224024443240004041400441
241.002159 444140224024443240004041400441
242.002149 444140224024443240004041400441
243.002125 444140224024443240004041400441
244.002133 444140224024443240004041400441
245.002453 444140224024443240004041400441
246.002392 444140224024443240004041400441
247.002169 444140224024443240004041400441
248.002176 444140224024443240004441400441
249.002136 404140224024443240004441400441
250.002121 404140224024443240004441400441
251.002114 404140224024443240004441400441
252.002156 404140224024443240000441400441
253.002262 404140224024443240000441400441
254.002281 404140224024443240000441400441
255.002192 404140024024443240000441400441
256.002411 404140024024443240000441400441
257.002194 404140024024443240000441400441
258.002161 404140024024043240000441400441
259.002791 404140024024043240000441400441
260.002396 404140024024043040000441400441
261.002278 404140024024043040000441400441
262.002494 404140024024043440000441400441
263.002202 404140024024043440000441400441
264.002251 404140024024043440000441400441
265.002261 404140024024043440000441400441
266.003488 404140024024043440000441400441
267.003714 404140020024043440000441400441
268.003593 404140020024043440000441400441
269.003429 404140020024043440000441400441
270.00231 404140020024043440000441400441
271.002246 404140020024043440000441400441
272.002412 404140020024043440000441400441
273.002268 404140020024043440000441400441
274.002418 404040020024043440000441400441
275.00221 404040000024043440000441400441
276.002287 404040000024043440000441400441
277.002269 404040000024043440000441400441
278.002258 404040000024043440000441400441
279.002397 404040000424043440000441400441
280.002246 404040000424043440000441000441
281.002539 404040000424043440000441000441
282.00309 404040000424043440000441000441
283.002759 404040000404043440000441000441
284.002601 404040000404043440000441000441
285.002511 404040000404043440000441000441
286.00232 404040000404043440000441000441
287.002427 404040000404043440000441000441
288.002311 404040000404043440000441000441
289.00221 404040000404043440000441000441
290.002217 404040000404043440000441000441
291.002288 404040000404043440000441000441
292.002348 404040000404043440000441000441
293.002323 404040000404043440000441000441
294.002327 404040000404043440000441000441
295.002241 404040000404043440000441000441
296.002283 404040000404043440000041000441
297.002204 404040000404043440000041000441
298.002474 404040000404043440000041000441
299.002924 404040000404003440000041000040
300.002297 404040000404003440000041000040
301.002344 404040000404003440004041000040
302.002384 404040000404003440004041000040
303.002381 404040000404003440004041000040
304.002433 404040000404003440004041000040
305.002578 404040000404403440004041000040
306.002335 404040000404403440004040000040
307.002307 404040000404403440004040000040
308.002293 404040000404403440004040000040
309.002283 404040000404403440004040000040
310.002486 404040000404403440004040000000
311.002365 404040000404403440004040000000
312.00236 404040000404403440004040000000
313.002328 404040000434403440004340000000
314.003284 414030000434403430034340040001
315.003422 414030010434403430334340040001
316.003243 414030010434403430334340440001
317.00259 414030010434403430334340440001
318.002266 414030010434403431334340440001
319.002191 414030110434403431334340440001
320.002575 414030110434403431334340440001
321.002197 414030110434403431334340440001
322.002429 414030110434403431334340440001
323.002259 414030110434403431334340440001
324.00215 414030110434403431334340440001
325.002494 414030110434403431334340440001
326.002108 414030110434403431334340440001
327.002135 414030110434403431334340440001
328.002363 414030110430400231334340440001
329.002331 414030110430400231334340440001
330.002282 414030110430400231334340440001
331.002218 414030110430300231333340440001
332.002273 414230110430300231333340440001
333.002219 414230110430300231333340440001
334.002237 414230110430300231333340440001
335.002249 414230110430300231333340440001
336.002407 414230110431300231333340440001
337.002216 414230110431304231333340440001
338.002162 414230110431304231333340440001
339.002084 414230110431304231333340440001
340.002094 414230110431304231333340444001
341.002324 414230010431304231333340444001
342.002071 414230010431304231333340444001
343.002057 414230410431304231333340444001
344.002397 414230410431304231333340444001
345.002135 414230410431304231333340444001
346.002134 414230410431304231333340444001
347.002463 414230410431304231333340444001
348.002392 414230410431304231333340444001
349.002422 414230410431304231333340444001
350.002496 414230410431304231333340444000
351.002493 414230410431304231333340444000
352.002432 414230410431304231333340444000
353.002295 414230410431304231333340444000
354.002527 414230410431304231333340444000
355.002282 414230410431304231333340444000
356.002229 414230410431304231333340444000
357.002222 014230440431304231333340444000
358.002317 014030440431304231333340444000
359.00231 014030440431304231333340444000
360.002208 014030440431304231333340444000
361.002276 014030440431304231333340444000
362.002111 014030440431304231333340444000
363.002136 014030440431304231333340444000
364.002161 014030440431304231333340444000
365.002309 014030440431304231333340444000
366.002288 014030440431304230333340444000
367.002241 014030440431304230333340444000
368.002418 014030440431304230343340044000
369.002516 014030440431304230343340044000
370.002776 014030440431304230443340044000
371.002462 014030440431304230443340044000
372.002661 014030440431004030443300044000
373.002444 014030440431004030443300044000
374.002265 014030440431004030443300044000
375.002817 014030440401004030443300044000
376.002272 014030440401004030443300044000
377.002323 014030440401004030443300044000
378.002709 014030440401000030443300044000
379.002411 014030440401000030443300044000
380.002799 014030440401000030443300044000
381.002388 014030440401000030443300044000
382.002673 014030440401000030443300044000
383.002258 014030440401000030443300044000
384.002471 010030440401000040443300044000
385.002528 010030440401000040443300044000
386.002383 010030440401000040443300044000
387.002537 010030440401000040403300044000
388.002233 010030440401000040403300044000
389.002358 010030440401000040403300044000
390.002542 010030440401000040403300044000
391.002644 010030440401000040403300044000
392.002582 010030440401000040403300044000
393.002303 010030440401000040403300044000
394.00238 010030440401000040003300044000
395.002371 010030440401000040003300044000
396.00225 010030440401000040003300044000
397.002662 010030440401000040003300044000
398.002337 010030440401000040003300044000
399.002416 010030440401000040003300044000
400.002889 010030440401000040003300044000
401.002262 010030440401000040033300044000
402.002619 010030440401400040033300044000
403.002876 010030440401400040033300044000
404.002544 010030440401400040033300044000
405.002491 040030440400400040033300044000
406.002358 040030440400400040033300044000
407.002659 040030440000400040033300044000
408.002334 040030440000400040033300044000
409.002517 040030440000400040033300044000
410.002544 040030440000400040033300044000
411.002428 040030440000400040033300044000
412.002736 040030440000400040033300044000
413.002738 040030440000400040033300044000
414.002655 040030440000400040033300044000
415.002417 040030440000400040033300044000
416.00236 040030440000400040033300044000
417.002455 040030440000400040033300044000
418.002351 040030440000400040033300044002
419.002522 040030441000400040033300044002
420.002411 040030441100200040033300144002
421.002268 040030441100200040033300144002
422.002468 040030441100200040433300144002
423.002767 040030441100200040433300144002
424.002271 040030441100200140433300144002
425.002353 010030441100200140433300144002
426.00218 010030441100200140433300144002
427.002491 010030441100200140433300144002
428.002255 010030441100200140433300144002
429.002336 010030441100200140433300144002
430.002381 010030441100200140433300144002
431.002283 010030441100200140433300144002
432.002262 010030441100200140433300144002
433.002651 010030441100200140433300104002
434.0022 010030441100200140433300104002
435.002283 010030441100200140433300104002
436.002504 010030441100210140433300104002
437.002217 010030441100210140433300104002
438.002251 010030441100210140433300104002
439.002265 014030441100210140433300104002
440.002442 014030441100210140433300104002
441.002333 014030441100210140433300104002
442.002239 014030441100210140433300104002
443.002272 014030441100210140433300104002
444.002227 014030441100210140433300104002
445.002199 014030441100210140433300104002
446.002181 014030441100210140433300104002
447.002238 014030441100210140433300104002
448.002331 014030441100210140433300104002
449.002283 014030444100210140433300104002
450.002459 014030444100210140433300104002
451.003427 014034444100210140433300004002
452.003748 014034444100210140433300004002
453.003946 014034444100210140433300004002
454.003746 014034444100210140433300004002
455.002495 014034444100210140233300004002
456.002536 014034444100210140233300004002
457.002569 014034444100210140233300004002
458.002532 014034444100210140233300004002
459.002512 014034444100210140233300004002
460.00248 014034444100210140233300004002
461.002522 014034444100210140233300004002
462.002483 014034444100210140233300004002
463.002708 014034044100210140233300004002
464.002623 014034044100210140233300004002
465.002496 014034044100210140233300004002
466.002546 014034044100210140233300004002
467.002513 014034044100210140233300004002
468.00251 014034044100210140233300004002
469.002671 014034044100210140233300004002
470.002977 014034044100210140233300014004
471.003937 014034044100210140233300014004
472.002655 014034044100210140233300014004
473.002881 014034044100210140233300014004
474.003036 014034044100210140233300014004
475.003051 014034044100210140233300014004
476.003061 014034004100210140233300014004
477.003837 014034004100210140233300014004
478.002993 014034004100210140233304014004
479.002323 014034004100210140233304014004
480.002304 014034004100210140233304014004
481.002286 014034004100210140233304014004
482.002417 014034004100210140233304014004
483.002609 014034004100210140233304014004
484.002466 014034004100210140233304014004
485.00245 014034004100210140233304014004
486.002724 014034004100210140233304014004
487.002296 014034004100210140233304014004
488.002508 014034004100210140233304014004
489.00247 014034004100210140233304014004
490.002332 014034004100210140233304014004
491.002405 014034004100210140233304014004
492.00222 014034004100210140233304014004
493.002371 014034004100210140233304014004
494.002449 014034001100210140233304014004
495.002507 014034001000210140233304014004
496.002685 014034001000210140233304014004
497.002208 014034001000210140233304014004
498.00254 010034001000210140433304014004
499.0023 010034001000200140433304014002
500.00227 410034001000200140433304014002
501.002669 410034001000200140443344004002
502.00236 410034001000240140443344004002
503.002237 410034001000240140443344004002
504.002325 410030001000240140443344004002
505.002328 410030001000240140443344004002
506.002377 410030001000240140444344004002
507.002228 410030000000240140444344004002
508.00259 410040000000240140444344004002
509.002393 410040000000240140444344004002
510.002292 410040000000240140444344004002
511.002578 410040000000240140444344004002
512.002388 410040000000240040444344004002
513.002232 410040000000040040444344004002
514.002317 410040000000040040444344004002
515.002419 410040000000040040444344004002
516.002792 410040000000040040444344004002
517.002445 410040000000040040444344004002
518.002416 410040000000040040444344004002
519.002327 410040000004040040444344004002
520.00366 410040000004040040444344004002
521.002428 410040000004040040444344004002
522.00239 410040000004040040444344004002
523.002387 412040000004040040444344024302
524.002429 412040000004040040444344024302
525.002329 412040000004040040444344024302
526.002332 412040000004040040444344024302
527.0024 412040000004041040444344024302
528.002301 412040000004041040444344024302
529.002271 412040000004041440444344024302
530.002276 412040000004041440444344020302
531.002373 412040000004041440444344020302
532.002407 412044000004041440444344020302
533.002299 412044000004041440444344020302
534.002294 412044000004041440444344020302
535.002288 412044000004041440444344020302
536.002286 412044000004041440444344020302
537.002296 412044000004041440444344020302
538.0023 412044100204041440444344020302
539.002273 402044100204041440444344020302
540.002242 402044100204041440444344020302
541.002323 402044100204041440444344020302
542.002312 402044100204041440444344020302
543.002276 402044100204041440444344020302
544.002279 402044100204041440244344020302
545.002247 402044100204041440244344020302
546.002295 402044100204041440244344020302
547.002265 402044100204041440244344020302
548.002354 402044100204041440244344020302
549.002365 402044100204041440244344020302
550.002259 402044100204041440244344020302
551.002223 402044100204041440244344020302
552.00235 402044100204041440244344020302
553.002342 400044100204041440244344020302
554.002264 400044100204041440244344020302
555.002291 400044100204041440244344020302
556.002379 400044100204041440244344020302
557.002266 400044100214341443244344023302
558.002322 400044100214341443244344023302
559.002204 400044120214341443244344023302
560.002319 400044120214341443244344023302
561.002177 400244120214341443244344023302
562.0022 400244120414341443244344023342
563.002166 400244120414341443244344023342
564.002202 400244120414341443244344023342
565.002248 400244120414341443244344043342
566.00239 400244120414341443244344043342
567.002357 400244120414341443244444043342
568.002284 400244120414341443244444043342
569.00221 400344120414341443244444043342
570.002208 400344120414341443244444043342
571.00218 410344120414341443244444043342
572.002195 410304120414341443244444043342
573.002268 410304120414341443244444043342
574.002203 410304120414341443244444043342
575.002176 410304120414341443244444043342
576.002128 410304120414341443244444043342
577.002204 410304120414341443244444044342
578.002127 410304120414341443244444044342
579.002254 410304120414341443244444044342
580.002272 410304120414341443244444044342
581.002328 410304120414341443244444044342
582.002205 410304120414341443244444044342
583.002246 410304120414341443244444044342
584.002171 410304120414341443244444044342
585.002189 010304120414341443244444044342
586.00222 010304120414341443244444044342
587.002303 010304120414341443244444044342
588.002172 010304120414341443244444044342
589.002215 010304120404341444244404044342
590.002195 010304120404341444244404044342
591.002207 010304120404341444244404044342
592.002296 010304120404341444244404044342
593.002317 010304120404341444244404044342
594.002278 010304120404341444244404044342
595.00228 010304120404341444244404044342
596.002335 010304120404341444244404044342
597.002259 010304120404341444244404044342
598.00222 000304120404341444244404044342
599.002305 000304120404341444244404044342
600.002351 000304120404341444244404044342
