2.053276 044004004001000040004400010011
3.025087 044004004001000040004400010011
4.021594 044004004001000040004400010011
5.006752 044004004001000040004400010011
6.005099 044004004001000040004400010011
7.00574 044004004001000040004400010011
8.004229 044004004001000040004400010011
9.005725 044304004001000040004400010011
10.005079 044304004001000043004400010011
11.00541 044304004001000043004400010011
12.00567 044304004001000043404400010011
13.005562 044304304001000043404400010011
14.005674 044304304001000043404400010011
15.006696 044304304001000043404400010011
16.006025 044304304001000043401400010011
17.00458 041304304001000013401400010011
18.00557 041304303001000013401400010011
19.005848 041304303001000013401400010011
20.005539 041304303001000013401400040011
21.005691 041304303001000013401400040011
22.00532 041304303001000013401400040011
23.005195 041304303001000013401400040011
24.005001 041304303001000013401400040011
25.004826 041304303001000013401400040011
26.004597 041304303001000013401400040014
27.004544 041304303001000013401400040014
28.004544 041304303001000014401400040014
29.00492 041404303001000014401400040044
30.005145 041404303001000014401400040044
31.00546 041404303000000014401400040044
32.008199 041404303000000014401400040044
33.013909 041404303000000014401400040044
34.007416 041404003000000014401400040044
35.004463 041404003000000014400400040044
36.004449 041404003000000014400400040044
37.004374 041404003000000014400400040044
38.004638 041404003000000014400400040044
39.004484 041404003000000014400400040044
40.003197 043404003000000034400400040004
41.009305 043404003000000034400400040004
42.003495 043404003000000034400400040004
43.003218 043404003000000034400400040004
44.003101 043404003000000034400400040004
45.005528 043404003000000034400400040004
46.004795 043404003000000034400400040004
47.003736 043404003000000034400400040004
48.004792 043404003000000034400400040004
49.003695 043004003000000034400400040004
50.003651 043004003000000034400400040004
51.003708 043004000000000034400400040004
52.003954 043004000000000034400400040004
53.003996 043000000000000034400400040004
54.005136 003000000000000034000400040004
55.005242 003000000000000034000400040004
56.00388 003000002000000034000400040004
57.003642 003000002400000034000400040404
58.00362 003000002400000034000400040404
59.004984 003000002400000034000400040404
60.004062 003000002400000034000400000404
61.003818 003000002400000034000400000404
62.003528 003000002400000034000400000404
63.004808 003000002400000034000400000404
64.004975 003000002400000034000400000404
65.004912 003000002400000034000400000404
66.004585 003000002400000034000400000404
67.005854 003000002400000034000400004404
68.005173 003000002400000034000400004404
69.004742 003000002400000034000400004404
70.003246 003000002400000034000400004404
71.004544 003000002400000034000400004404
72.005066 003000002400000034000400004404
73.008138 003000002400000034000400004404
74.026745 003000002400000034000400004404
75.026252 023000000400000034000400004404
76.028421 023000200400000034000400004404
77.027715 023000200400000034000400004404
78.112002 023000200400000034000400004404
79.110329 023000200400000034000400004404
80.111295 023000200400000034000400004404
81.05526 023000200400000034000400004404
82.028572 023000200400000034000400004404
83.028768 023000200400000034000400004404
84.035051 023000200400000434000400004404
85.028733 023000200400000432000400004404
86.113248 023000200400000432000400004404
87.11413 020000200400000432000400004404
88.112544 020000200400000432000000004404
89.054734 020000200400000432000000004404
90.053405 020000200400000432000000004404
91.026572 020000200400000442000000004404
92.026837 000000200400000442000000004004
93.01374 000000200400000442000000004004
94.013456 000000200400000442000000004004
95.007251 000000200400004444000000004004
96.007059 000000200400004444000000004004
97.013033 000000200400004444000000004004
98.012898 000000200400004444000000004004
99.013436 000000200400004444000000004004
100.025839 000000400400004444000000004004
101.026937 000000400400004444000000004004
102.027455 000000400400004444000000004004
103.025466 000000400400004444000000004014
104.025866 000000404400004444000000004014
105.013135 000000404400004444000000004014
106.013041 000000404400004444000000004014
107.014492 000000404400004444003000004014
108.05453 030000404400004444003000004014
109.054048 030000404400004444003000004014
110.055674 030000404400004444003000004014
111.122388 034000404400004444003000004014
112.116719 034000404400304444003000004014
113.11322 034000404400304444003000004014
114.112095 034000404400304444003000004014
115.120475 034000404400304444003000004014
116.123198 034000404400304444003000004014
117.125195 034000404400304444003000004014
118.123056 034000404400304444003000004014
119.113403 034000404400304444003000004014
120.122524 034000404400304444003000004014
121.124539 034000404400304444003000004014
122.058049 034000404400304444003000004014
123.056956 034000404400304444003000003014
124.026392 034000404400304444003000003014
125.026255 034000404300304444003000003014
126.013439 034000404300304044003000003014
127.013482 034000404300304044003000003004
128.053751 034000404300304044003000003004
129.026267 034000404300304044003000003004
130.026696 034000404300304044003000003001
131.026666 031000404300314044003000003001
132.027901 031000404300314044003000003001
133.025951 031000404300314044003000003001
134.013257 031000404300314044003000003001
135.007827 031000404300314044003000003001
136.007012 031000404300314044003000003001
137.006878 031000404300314044003040003001
138.006806 031030404000414044004040003001
139.006927 031030404000414044004040003001
140.004178 031030404000414044004040003001
141.006918 031030404000414044004040003001
142.00711 031030444000414044004040003001
143.007096 431030444000414044004040003001
144.007414 431030444000414044004040003001
145.007288 431030444000414044004040003001
146.007656 431030441000414044004040003001
147.013753 431030441000414014004040003001
148.013957 431030441000414014004040003001
149.014068 431030441000414014004040003001
150.007129 431030441000413014004040000001
151.007169 431030441000413014004040000001
152.004823 431030441000413014004040000001
153.007011 431030441000413014004040000001
154.012982 431030441000413014004040000001
155.018877 431030441000413014004040000001
156.014806 431030441000413014004040000001
157.013956 431030441000413014004040400001
158.014133 431030441000413014004040400001
159.014442 431030441000413014004040400001
160.014212 431030441000413014004040400001
161.027656 431030441000413014004040400001
162.035462 431030441000413014004040400001
163.029532 431030441000413014004040400001
164.027541 431030441000413014004040400001
165.028547 431030441000413014004040400001
166.027816 431030441000413014004040400001
167.029595 431030441000413014004040400001
168.059134 431030441000413014004040400001
169.061425 431030441000413014004040400001
170.054972 431030441000413014004040400001
171.014684 401000441000413014004040400001
172.014225 404000441000413014004040400001
173.005602 404000441000413044004040400000
174.003459 404000441000443044004040400000
175.003175 404000441000443044004040400000
176.003221 404000441000443044004040400000
177.00309 404000441000443044004040400000
178.002433 404000444000443044004040400000
179.002305 404000444000443044004000400000
180.002441 404000444000443044004000400000
181.002432 404000444000443044004000400000
182.00265 404000444000443044004000400000
183.00285 004000444000443044004000400000
184.002683 004000444000443044004000400000
185.002145 004000444000443044004000400000
186.001845 004000044000443044004000400000
187.002709 004000044000443044004000400000
188.002047 004000044000443044004000400000
189.002176 004000044000442044004000400000
190.002718 004000044000442044004000400000
191.003787 004000044000442044004000400000
192.003709 004000044000442044004000400000
193.003269 004000044000442044004000400000
194.003206 004000044000442044004000400000
195.003226 004000044000442044004000400000
196.00454 004000044000442044004000400000
197.008023 004000044000442044004000400000
198.013988 004000044000442044004000402000
199.027526 004000044000442044004000402000
200.026259 004000044000442044004000402000
201.013468 004000044000442040004000402000
202.007279 004000044000442040004000402000
203.007099 004000044000442040004000402000
204.013382 004000044000442040004000402000
205.007239 004000044000442040004000402000
206.004497 004000044000442040004000402000
207.007276 004000044000442040004000402000
208.007621 004000044000442040004000402000
209.00771 004000044000442040004000402000
210.007189 004000044000442040004000402000
211.004816 024000044000442040004000400000
212.004664 024000044004442040004000400000
213.004951 024000004004442040004000400000
214.004683 024000004004442040004000400000
215.007183 024020004004442040004000400000
216.007573 024020004004442040004000400000
217.008028 024020004004442040004000400000
218.00452 024020004004442040004000400000
219.007823 024020004004442040004000400000
220.013564 024020004004442040002000400000
221.008266 024020004004242040002000400000
222.02748 024020004004242040002000400000
223.053577 024020004004242040002000400000
224.054672 024020004004242040002000400000
225.05412 024020004004242040002000400000
226.054601 024020004004242040002000400000
227.054255 024020004004242040002000400000
228.026536 024020004004242040002000400000
229.02622 024020004004242040002000400000
230.026794 024020004004242040002200400000
231.007118 024020004004243040002200400400
232.013867 024020004004243040002200400400
233.026167 024020004004243040002200400400
234.027139 024020004004243040002200400400
235.025705 024020004004243040002200400400
236.027915 024020004004243040002200400400
237.063208 024020004004343040003200400400
238.060432 024020004004343240003200400400
239.054981 024040004004343240003200400400
240.053496 024040004004343240003200400440
241.114195 024040004004343240003200400440
242.112794 024040004004343240003200400440
243.235823 024040004004343240003200400440
244.235361 424040004004343240003200400440
245.110988 424040004004343240003240400440
246.132261 424040004004343240003240400440
247.113907 424040004004343240003240400440
248.114697 424040004004343240003240400440
249.052996 424040004004343240003240400440
250.053637 424040004004343240003240400440
251.0538 424040004004343240003240400440
252.053973 424040004004343240003440400440
253.054132 424040004004343240003440400440
254.053163 424040004004343240003440400440
255.054619 424040004004343240003440400440
256.026218 424040004004343040003440400440
257.025916 424040004004343040003440400440
258.113046 424040004004343040033440400440
259.053991 424040004004343040033440400440
260.027323 404040004004343040033440400440
261.026858 404040000004343000033440400440
262.028909 404040000004343000033440400440
263.014075 404040000004343000033440400440
264.01323 404040000004343000033440400440
265.01296 404040000004343000033440400440
266.006812 404040000004343000033440400440
267.028896 404040000004343000033440400440
268.031397 404040001004343000033440400440
269.06014 404040001004343000033440400440
270.054032 404040001004343000033440400440
271.053512 404040001004343400333440400440
272.237617 404040001004343400333440000440
273.113704 404040001004343400333440000140
274.235094 401040001004313400333440000140
275.238954 401040001004313400333440000140
276.247338 401040001004313400333440000140
277.232232 401040001004313400333440000140
278.112568 401040001004013430330440000140
279.111398 401040001004013430330440000140
280.111298 401040001004013430330440000140
281.05647 401040001004013430330440000140
282.068328 401040000004010430330440000140
283.013141 401040000004010430300040000140
284.013038 401040000004010430300040000140
285.00703 401040000004010430300040000140
286.006989 401040000404010430300040000110
287.002707 401040000404010430300040000110
288.001974 401040000404010430300040000110
289.001651 401040000404010430300040000110
290.00203 401040000404010430300040000110
291.002657 401040000404010430300040000110
292.00262 401040000404010430300040000110
293.004055 401040000404010430300040000110
294.004087 401040000404010430300040000110
295.002755 401040000404010430300040000110
296.002701 401040000404010430300040000010
297.004005 401040000404010430300040000010
298.004057 401040000404010430300040000010
299.004404 401040000404010430000040000010
300.004339 401040000404010430000040000010
301.004232 401000000404010430000040000010
302.002798 401000000404010430000040000010
303.002644 401000000404010410004040000010
304.002699 401000000404010410004040000010
305.003944 401000000404000410004040000010
306.006869 401000000404000410004040000010
307.006826 401000000404000410004040000010
308.007094 401000000404000410004040000010
309.00713 401000000404400410004040000010
310.00691 401000000404400410004040000000
311.007585 401000000404400410004040000000
312.007682 401000000404400410004040000000
313.007694 401000000404400410004040000000
314.007799 401000000404400410004040000000
315.008209 401000000404400410004040000000
316.008865 401000000404400410004040000000
317.017665 401000000404400410004040000000
318.017775 401000000404400410004040000000
319.014618 401000000404400410004040000000
320.014129 401000000404400410004040000000
321.026545 401000000400400410004040440000
322.025782 401000000400400410004040440000
323.025633 401000000400400410004040440000
324.02557 401000000400400440004040440000
325.025483 401000000400400440004040440000
326.025879 401000000400400440004040440000
327.111372 401000000400400440004040440000
328.025828 401000000400400440004440440000
329.026413 401000000400400440004440440000
330.006948 401000000400400440004440440000
331.006734 401000000400400440004440440000
332.003945 402000000400403440004440440000
333.006731 402000000400403440004440440000
334.003871 402000000400403440004440440000
335.004082 402000000400403440004440440000
336.003882 402000000400403440044440440000
337.003841 402000000400403420044440440000
338.003901 402000000400403020044440440000
339.003899 402000000400403020044440440000
340.006686 402000000400403020044440440000
341.007003 402000000400403020240440440000
342.013474 402000000400403020240440440000
343.014605 402000000400403020220440440000
344.007353 402000000400403020220440440000
345.007707 402000000400203020220440440000
346.007301 402000000400203020220440440000
347.007673 402000400400203020220240440000
348.007055 402000400400203020220240440000
349.007117 402000400400203020220240440000
350.004462 002000400400203020220240440000
351.002899 002000400400203020220240440000
352.002966 002000400400203020220240440000
353.002729 002000400400203040220240444000
354.002838 004000400400203040220240444000
355.007582 004000400400203040320340444000
356.007208 004000400400203040320340444000
357.004626 004000400400203040320340444000
358.004271 004000400400203040330340444000
359.004055 004000440400203040330340444000
360.002669 004000440400203040330340444000
361.002726 004200440400202040330340444000
362.002661 004200440400202040330340444000
363.00259 004200440400002040330340444000
364.004025 004200440400002040330300044000
365.012887 004200440400002040330300044000
366.012821 004230440400002040330300044000
367.053081 003230440400002040330300044000
368.055214 003230440400002040333300044000
369.055365 003230440400002040333300044000
370.054481 003230440400002040333300044000
371.054285 003230440400002040333300044000
372.053261 003230440400002040333300044000
373.24849 003230440400002040333300044000
374.113272 003230440400002040333300044000
375.110566 003230440400002000333300044000
376.110813 003030440400002000333300044000
377.111931 003030440400002000333300044000
378.240826 003030440400002000333300044000
379.116101 003030440400002000333300044000
380.243039 003030440400002000333300044000
381.234607 003030440400002000333300044000
382.234724 003030440400002000333300044000
383.240269 003030440400002000333300044000
384.239073 003030440400002000333300044000
385.242859 003030440400002000333300044000
386.111387 003030440400002000333300044000
387.112254 003030440400002000333300044000
388.113654 003330440400002000333300044000
389.114261 003330440400002000003300044000
390.053164 003330440400002000003300044000
391.053797 003330440400002000003300044000
392.057418 003330440400002000003300044000
393.054104 000330440400002000003300044000
394.02787 040330440400002000003300044000
395.026071 040330440400002000003300044000
396.026398 040330440400000000003300044000
397.013192 040330440400000000003300044000
398.028541 040330440400000000003300044000
399.015174 040330440400000000003300044000
400.008085 040330440400000000003300044000
401.007974 040330440000000040003300044000
402.009599 040330440000000040003300044000
403.011261 040330440000000040003300044000
404.006133 040330440000000040003300044000
405.005651 040330440000000040003300044000
406.005207 040330440000000040003300044000
407.00466 040330440000000040003300044000
408.004625 040330440000000040003300044010
409.003082 040340440000000040003300044010
410.003066 040340440000000040004400044010
411.003423 040340440000000040004400044010
412.004453 040340440000000040004400044010
413.004798 040340440000000040004400044010
414.004353 040340440000000040004400044010
415.015873 040340440000000040004400044010
416.013519 040340440000000040004400044010
417.013668 040340440000400010004400041010
418.027495 040340440000400010004400041010
419.026014 040340440000400010004400041010
420.025789 040340440000400010004400041000
421.029367 040340440000400010004400041000
422.025657 040340440000400010004400041000
423.027514 040340440000400010004400041000
424.027071 040340440000400010044400041004
425.025626 040340440000400010044400041004
426.012886 040340440000400010044400041004
427.006757 040340440000400010044400001004
428.006884 040340440000400010044400001004
429.004011 040340440000400010044400001004
430.004296 040340440000400010044400001004
431.003155 040340440000400010044400001004
432.003962 000040440000400010044400001004
433.004056 000040440000400010044400001004
434.00685 000040440000400010044400001004
435.053378 000043440000400010044400001004
436.02651 000043440000400010444400001004
437.007223 000043440000400010444400001004
438.007731 000043440000400010444400001004
439.007249 000043440000400010444400001004
440.007135 000043440000400010444400001004
441.013631 003043444000400010444400001004
442.013862 003043444000400010444400001004
443.013498 003043444000400010444400001004
444.013063 003043444000400010444400001004
445.015017 003043444000400010444400001004
446.013756 003043444000400010444400001004
447.012932 003043444000400010444400001004
448.012699 003043444000400010444400004004
449.012705 003013444000400010444400004004
450.014113 003013444000400010411100004004
451.012904 003013444000400010311100004004
452.013902 003013444000400010311100004004
453.007891 003013444000400010311103004004
454.007689 003013444000400010311103004004
455.008305 003013444000400010311103004004
456.006459 003013444000400040311103004004
457.004382 003013044000400040311103004004
458.004184 003013044000400040311103004004
459.004297 003013044000400040311103004004
460.004079 003013044000400040311103004004
461.006019 003013044000400040311103004004
462.004324 003013044000400040311103004004
463.003122 003013044000400040411103004004
464.002708 003013044000400040411103004004
465.002146 003013044000400040411103000004
466.002136 003013044000400040411103000004
467.002218 004013044000400040411103000004
468.003055 004013004000400040411103000004
469.002137 004013004000400040411103000004
470.001987 004013004000400040411103000004
471.002112 004013004000400040411103000004
472.002016 004013004000400040411103000004
473.001915 004013004000400040411103000004
474.001778 004033004000400040413303000004
475.001759 004033004000400040413303000004
476.001584 004033004000400040423300000004
477.001603 004033004000400040423300000004
478.001594 004033004000400040423300000004
479.001944 004033004000400040423300000004
480.0017 004033004000400042423300000004
481.001481 004033004000400042423300000004
482.001377 004033004000400042423300000004
483.001424 004033004000400042423300000004
484.001521 004033004000400040423300000004
485.001461 004033004000400040423300000004
486.001565 004033004000400040423300000004
487.00203 004033000000400040433300000004
488.001767 004033000000400040433300000004
489.001983 004033000000400040433300000004
490.002086 004033000000400040433300000004
491.002029 004033000000400040433300000004
492.001596 004033000000400040433300000004
493.00162 000032000000400040433304003004
494.001782 000032000000400040433304003004
495.001664 000032000000400040433304003004
496.002119 000032000000400040433304003004
497.001952 000032000000400040433304003004
498.002685 000032000000400040433304003004
499.004112 000032000000400040433004003004
500.007062 000032000000400040433004003004
501.0255 000032000000200040433004003004
502.026652 000032000000200040433004003004
503.027399 000032000000200040433004003004
504.026524 000032000000200040433004003004
505.053565 000032000000200040433004003004
506.05752 000032000000200040433004003004
507.058239 200032000000200040433004003004
508.055574 200032000000200040433022003002
509.110906 200032000000200040433022003002
510.111205 200032000000240040433022003002
511.238301 200032000000240040433022003002
512.233508 200032000000240040433022003002
513.234309 200032000000240040433022003002
514.241259 200032000000240040433022003002
515.487011 200032000000240040433022003002
516.497413 200032000000240040433022003002
517.48945 200032000000240040433022003002
518.110264 200032000000240040443022003002
519.051947 200032000000240040443022003002
520.108967 200032000000040040443022003002
521.052435 200032000000040040444022003002
522.012993 400032000000040040244022003002
523.012781 400032000000040040244022003002
524.025496 400032000000040040244042000002
525.054209 400042000000040040244042000002
526.062262 400042000000040040244042000002
527.061492 400042000000040040244042000002
528.057626 400042000000040040244042000002
529.055167 400042000000040040244042000002
530.025315 400042000000040040244042000002
531.025662 400042000000040040244042000002
532.025613 400042000000040040244044000002
533.025477 400042000000040040444044000002
534.025788 400040000000040040444044000002
535.012824 400040000000040040444044000002
536.014117 400040000000040440444044000002
537.008014 400040000000040440444044000002
538.007342 400040000000040440444044000002
539.006823 400040000000040440444044000002
540.01355 400040000000040440044044000002
541.012863 400040000000040443044044000002
542.026173 400040000004040443044044000302
543.02593 400040000004040443044044000302
544.026736 400040000004040443044044000300
545.10935 400040000004040443044044003300
546.233382 400040000004040443044344003300
547.238049 400040000004340443044344003300
548.497439 400044000004340443044344003300
549.235166 400044000004340443044344003300
550.110027 400044000004340443044344003300
551.108878 400044000004340443044344003300
552.248037 400044000304340443044344003300
553.492252 400044000304340443044344003300
555.04748 400044000304340443044344033300
556.043721 400044000304340443044344033300
556.490965 400044000304340443044344033300
557.495542 400044000304340443044344033300
558.483498 400044000304340443044344033300
560.047006 400044000304340443044344033300
561.061454 400044000304340443044344033300
562.023622 400314000304340443011344033300
564.186348 400314000304340413011344033300
565.16342 400314000304340413011344033300
566.146079 400314000304340413011344033300
569.523497 300314000304340413011344033300
568.148424 300314000304340413011344033300
571.499509 300314000304340413011344033300
577.407394 300314000304340413011344033300
578.516665 300314000304340413011344033340
572.123526 300314000304340413011344033340
573.130467 300314000304340413011344033340
574.14707 300314000304340413011344033340
573.241721 300314000304340413011344043340
574.05235 300314000404340413011344043340
575.052556 000314000404340413011344043340
576.052053 000314000404340413011444043340
577.025224 000314000404340413011444043340
578.051777 000314000404340413011444043340
579.109034 000314000404340413011444043340
580.228895 000314000404340413011444043340
581.233483 000314000404340413011444043340
582.251109 000314000401340413011404044340
583.229077 000304000401340413011404044340
584.109566 000304000401340413011404044340
585.109316 000304000401340413011404044340
586.025348 000304000401340413011404044340
587.025306 000304000401340413011404044040
588.012699 000304000401340413011404044040
589.012801 000304000401340413011404044040
590.012617 000304000401340410011404044040
591.012676 000304000401340410011404004040
592.012633 000304000401340410011404004040
593.013063 000304000401340410011404004040
594.012716 000304000401340410011404004040
595.012878 000304000401340410011404004040
596.012938 000304000401340414011404004040
597.012779 000304000401340414011404004040
598.012727 000304000401340414011404004040
599.012774 000304000401340414011404004040
600.012757 000304000401340414011404004040
